1 1
2 1
3 1
4 2
5 6
6 7
7 6
8 9
9 7
10 10
11 8
12 9
13 10
14 5
15 8
16 11
17 11
18 9
19 7
20 8
21 12
22 6
23 6
24 10
25 9
26 14
27 11
28 14
29 10
30 14
31 15
32 17
33 17
34 11
35 17
36 16
37 17
38 15
39 14
40 13
41 15
42 13
43 13
44 14
45 11
46 8
47 13
48 19
49 16
50 12
51 13
52 13
53 12
54 10
55 16
56 17
57 18
58 15
59 16
60 14
61 12
62 11
63 15
64 16
65 16
66 19
67 12
68 13
69 11
70 16
71 17
72 12
73 17
74 14
75 23
76 12
77 17
78 13
79 15
80 15
81 13
82 17
83 17
84 12
85 12
86 13
87 11
88 14
89 13
90 13
91 19
92 14
93 17
94 16
95 14
96 18
97 12
98 13
99 16
100 12
101 16
102 15
103 12
104 13
105 14
106 15
107 15
108 13
109 14
110 15
111 15
112 18
113 16
114 16
115 13
116 11
117 16
118 13
119 16
120 20
121 15
122 15
123 21
124 14
125 15
126 13
127 16
128 17
129 17
130 16
131 15
132 14
133 18
134 15
135 14
136 16
137 16
138 20
139 13
140 18
141 16
142 12
143 13
144 16
145 19
146 17
147 16
148 14
149 20
150 14
151 14
152 15
153 16
154 21
155 15
156 12
157 12
158 16
159 13
160 16
161 19
162 16
163 15
164 20
165 11
166 16
167 12
168 14
169 17
170 12
171 22
172 16
173 15
174 10
175 16
176 20
177 14
178 23
179 21
180 20
181 21
182 19
183 20
184 22
185 40
186 33
187 36
188 22
189 44
190 50
191 42
192 41
193 38
194 54
195 45
196 48
197 46
198 41
199 42
200 36
201 39
202 35
203 34
204 45
205 46
206 40
207 44
208 52
209 50
210 57
211 55
212 46
213 51
214 53
215 43
216 48
217 54
218 41
219 51
220 64
221 58
222 65
223 47
224 61
225 56
226 56
227 43
228 42
229 46
230 47
231 60
232 62
233 54
234 69
235 59
236 80
237 80
238 84
239 77
240 58
241 69
242 65
243 61
244 72
245 62
246 79
247 76
248 77
249 68
250 67
251 61
252 68
253 70
254 76
255 67
256 68
257 68
258 68
259 65
260 53
261 72
262 67
263 93
264 84
265 71
266 83
267 79
268 74
269 66
270 80
271 82
272 74
273 60
274 62
275 53
276 56
277 85
278 43
279 70
280 64
281 76
282 65
283 56
284 76
285 67
286 70
287 42
288 60
289 65
290 79
291 77
292 52
293 64
294 65
295 77
296 68
297 77
298 83
299 76
300 77
1 0
2 1
3 1
4 1
5 0
6 1
7 0
8 1
9 0
10 1
11 1
12 1
13 1
14 1
15 1
16 1
17 1
18 1
19 1
20 2
21 1
22 1
23 1
24 2
25 1
26 2
27 2
28 4
29 3
30 4
31 4
32 2
33 3
34 3
35 2
36 3
37 4
38 2
39 2
40 3
41 5
42 3
43 3
44 2
45 3
46 3
47 3
48 3
49 3
50 2
51 3
52 5
53 3
54 3
55 4
56 3
57 3
58 2
59 5
60 3
61 3
62 5
63 2
64 3
65 3
66 3
67 4
68 2
69 4
70 2
71 4
72 3
73 5
74 5
75 7
76 12
77 11
78 10
79 15
80 19
81 18
82 16
83 11
84 17
85 16
86 12
87 14
88 17
89 16
90 17
91 20
92 19
93 10
94 20
95 16
96 13
97 16
98 18
99 21
100 23
101 17
102 17
103 15
104 15
105 14
106 10
107 13
108 17
109 17
110 26
111 14
112 19
113 14
114 19
115 23
116 19
117 23
118 15
119 26
120 46
121 38
122 38
123 37
124 43
125 45
126 46
127 61
128 35
129 48
130 51
131 50
132 67
133 43
134 63
135 41
136 73
137 34
138 55
139 64
140 58
141 57
142 23
143 36
144 38
145 59
146 67
147 67
148 54
149 83
150 66
151 68
152 65
153 70
154 71
155 68
156 61
157 58
158 72
159 44
160 56
161 71
162 61
163 68
164 81
165 66
166 43
167 54
168 23
169 73
170 58
171 67
172 47
173 69
174 70
175 76
176 62
177 63
178 74
179 77
180 71
181 65
182 78
183 45
184 57
185 63
186 62
187 65
188 74
189 46
190 56
191 70
192 61
193 75
194 58
195 50
196 68
197 67
198 69
199 63
200 74
201 71
202 84
203 75
204 64
205 45
206 66
207 66
208 63
209 67
210 61
211 57
212 67
213 47
214 36
215 72
216 55
217 84
218 69
219 50
220 13
221 63
222 65
223 61
224 43
225 62
226 72
227 67
228 79
229 69
230 69
231 72
232 62
233 73
234 77
235 68
236 58
237 64
238 52
239 57
240 78
241 61
242 58
243 74
244 53
245 78
246 74
247 76
248 78
249 77
250 69
251 60
252 77
253 56
254 50
255 61
256 79
257 63
258 58
259 60
260 72
261 54
262 64
263 34
264 72
265 75
266 63
267 70
268 70
269 71
270 85
271 66
272 74
273 64
274 66
275 76
276 60
277 70
278 78
279 64
280 79
281 69
282 77
283 71
284 76
285 71
286 73
287 78
288 80
289 72
290 68
291 79
292 78
293 75
294 84
295 65
296 77
297 39
298 81
299 84
300 79
1 9
2 7
3 8
4 8
5 14
6 14
7 18
8 12
9 17
10 13
11 12
12 9
13 11
14 29
15 40
16 38
17 56
18 52
19 51
20 48
21 51
22 46
23 47
24 28
25 54
26 47
27 54
28 59
29 49
30 54
31 54
32 46
33 44
34 54
35 54
36 48
37 45
38 55
39 45
40 61
41 54
42 51
43 59
44 46
45 54
46 60
47 39
48 41
49 38
50 37
51 63
52 43
53 52
54 57
55 51
56 49
57 44
58 50
59 39
60 38
61 41
62 50
63 41
64 49
65 47
66 43
67 59
68 62
69 46
70 47
71 44
72 65
73 44
74 47
75 51
76 47
77 65
78 72
79 60
80 60
81 67
82 54
83 78
84 46
85 55
86 69
87 65
88 84
89 54
90 90
91 85
92 64
93 79
94 46
95 61
96 45
97 82
98 93
99 55
100 71
101 82
102 60
103 97
104 96
105 58
106 69
107 62
108 65
109 81
110 56
111 70
112 53
113 58
114 67
115 70
116 60
117 70
118 76
119 68
120 80
121 75
122 73
123 70
124 74
125 62
126 63
127 63
128 76
129 88
130 67
131 63
132 75
133 50
134 94
135 56
136 76
137 70
138 80
139 71
140 86
141 70
142 70
143 78
144 76
145 78
146 75
147 68
148 46
149 77
150 68
151 44
152 59
153 76
154 55
155 55
156 75
157 67
158 72
159 61
160 48
161 48
162 35
163 58
164 49
165 39
166 64
167 62
168 79
169 50
170 67
171 77
172 64
173 70
174 68
175 67
176 64
177 68
178 60
179 68
180 70
181 72
182 66
183 71
184 66
185 75
186 69
187 53
188 78
189 79
190 71
191 70
192 71
193 65
194 50
195 64
196 53
197 64
198 68
199 68
200 58
201 76
202 66
203 75
204 73
205 67
206 73
207 74
208 71
209 72
210 59
211 29
212 69
213 79
214 81
215 71
216 67
217 71
218 87
219 89
220 46
221 75
222 85
223 83
224 82
225 70
226 85
227 72
228 67
229 80
230 60
231 59
232 65
233 37
234 68
235 69
236 63
237 59
238 65
239 62
240 48
241 89
242 69
243 74
244 66
245 72
246 49
247 44
248 59
249 71
250 65
251 46
252 87
253 76
254 68
255 58
256 69
257 66
258 69
259 71
260 49
261 57
262 58
263 68
264 48
265 46
266 68
267 72
268 69
269 64
270 68
271 70
272 69
273 70
274 66
275 72
276 74
277 77
278 65
279 74
280 70
281 68
282 66
283 63
284 76
285 70
286 66
287 50
288 43
289 62
290 34
291 66
292 67
293 60
294 56
295 74
296 65
297 71
298 82
299 72
300 69
1 1
2 2
3 1
4 0
5 1
6 1
7 1
8 1
9 2
10 1
11 1
12 2
13 1
14 1
15 1
16 1
17 2
18 1
19 1
20 1
21 1
22 1
23 2
24 1
25 1
26 1
27 2
28 2
29 4
30 1
31 1
32 1
33 5
34 4
35 4
36 4
37 1
38 3
39 4
40 3
41 3
42 5
43 5
44 5
45 15
46 18
47 11
48 14
49 15
50 16
51 16
52 11
53 15
54 14
55 12
56 13
57 11
58 10
59 16
60 14
61 10
62 17
63 15
64 11
65 18
66 15
67 13
68 12
69 17
70 12
71 14
72 9
73 10
74 13
75 11
76 10
77 11
78 14
79 14
80 11
81 11
82 13
83 10
84 13
85 8
86 16
87 10
88 13
89 14
90 22
91 15
92 13
93 7
94 11
95 15
96 17
97 15
98 12
99 12
100 8
101 14
102 10
103 11
104 11
105 13
106 15
107 17
108 15
109 13
110 13
111 12
112 17
113 20
114 14
115 21
116 8
117 13
118 9
119 12
120 8
121 10
122 10
123 10
124 14
125 11
126 15
127 10
128 11
129 14
130 14
131 14
132 12
133 14
134 12
135 18
136 12
137 14
138 12
139 15
140 16
141 11
142 15
143 17
144 15
145 14
146 15
147 15
148 10
149 15
150 13
151 11
152 10
153 12
154 14
155 12
156 11
157 14
158 12
159 12
160 11
161 15
162 16
163 10
164 13
165 13
166 16
167 9
168 10
169 12
170 13
171 11
172 14
173 14
174 9
175 12
176 11
177 12
178 13
179 13
180 13
181 19
182 11
183 11
184 10
185 18
186 14
187 10
188 13
189 11
190 12
191 12
192 13
193 12
194 7
195 10
196 14
197 11
198 11
199 11
200 19
201 12
202 11
203 15
204 15
205 12
206 13
207 15
208 20
209 12
210 13
211 9
212 16
213 10
214 10
215 10
216 11
217 11
218 16
219 17
220 25
221 10
222 19
223 28
224 35
225 32
226 23
227 34
228 53
229 39
230 47
231 44
232 32
233 39
234 46
235 44
236 49
237 32
238 38
239 40
240 44
241 37
242 51
243 53
244 44
245 58
246 64
247 35
248 44
249 42
250 54
251 37
252 31
253 32
254 26
255 37
256 32
257 45
258 45
259 51
260 52
261 42
262 54
263 52
264 49
265 69
266 72
267 67
268 50
269 73
270 54
271 52
272 61
273 56
274 55
275 65
276 44
277 46
278 49
279 61
280 58
281 61
282 45
283 62
284 55
285 42
286 66
287 62
288 52
289 55
290 43
291 51
292 41
293 56
294 31
295 53
296 60
297 68
298 59
299 65
300 43
1 1
2 2
3 15
4 11
5 9
6 15
7 8
8 10
9 10
10 12
11 14
12 10
13 10
14 11
15 10
16 15
17 13
18 9
19 10
20 13
21 13
22 19
23 11
24 10
25 11
26 19
27 15
28 13
29 11
30 11
31 13
32 15
33 12
34 20
35 15
36 13
37 11
38 14
39 16
40 12
41 13
42 11
43 13
44 15
45 12
46 14
47 11
48 13
49 17
50 13
51 13
52 11
53 10
54 12
55 10
56 15
57 13
58 14
59 13
60 11
61 12
62 11
63 20
64 19
65 28
66 24
67 18
68 18
69 24
70 26
71 26
72 25
73 30
74 22
75 16
76 27
77 29
78 26
79 29
80 26
81 32
82 36
83 19
84 16
85 12
86 14
87 10
88 22
89 19
90 25
91 21
92 32
93 40
94 48
95 31
96 30
97 27
98 33
99 41
100 25
101 30
102 22
103 33
104 31
105 34
106 42
107 26
108 26
109 31
110 33
111 31
112 25
113 29
114 27
115 28
116 32
117 20
118 28
119 24
120 24
121 34
122 32
123 50
124 47
125 50
126 50
127 39
128 47
129 50
130 56
131 60
132 48
133 54
134 57
135 82
136 75
137 73
138 62
139 68
140 81
141 66
142 68
143 64
144 60
145 70
146 68
147 71
148 74
149 71
150 74
151 67
152 76
153 67
154 71
155 97
156 66
157 74
158 73
159 65
160 69
161 61
162 63
163 72
164 70
165 69
166 68
167 66
168 72
169 75
170 69
171 71
172 69
173 73
174 76
175 64
176 75
177 69
178 60
179 70
180 81
181 64
182 68
183 87
184 64
185 67
186 81
187 78
188 71
189 63
190 69
191 74
192 74
193 65
194 69
195 65
196 69
197 73
198 66
199 58
200 72
201 76
202 66
203 74
204 67
205 73
206 78
207 80
208 74
209 73
210 79
211 67
212 73
213 70
214 69
215 56
216 73
217 68
218 66
219 72
220 65
221 69
222 69
223 72
224 71
225 73
226 74
227 76
228 70
229 68
230 72
231 82
232 77
233 51
234 69
235 77
236 66
237 61
238 61
239 65
240 68
241 71
242 78
243 67
244 65
245 42
246 67
247 68
248 54
249 59
250 64
251 69
252 64
253 119
254 60
255 82
256 73
257 71
258 78
259 59
260 46
261 72
262 72
263 80
264 75
265 80
266 73
267 59
268 74
269 63
270 55
271 36
272 67
273 79
274 78
275 63
276 54
277 64
278 80
279 75
280 75
281 46
282 72
283 65
284 64
285 73
286 64
287 56
288 71
289 65
290 64
291 69
292 67
293 69
294 63
295 73
296 72
297 67
298 63
299 65
300 66
1 1
2 1
3 2
4 4
5 1
6 3
7 1
8 3
9 2
10 2
11 1
12 1
13 4
14 4
15 2
16 1
17 4
18 2
19 2
20 2
21 1
22 13
23 7
24 10
25 14
26 12
27 8
28 10
29 20
30 10
31 11
32 18
33 12
34 12
35 15
36 13
37 13
38 16
39 26
40 13
41 11
42 11
43 12
44 10
45 16
46 16
47 13
48 17
49 25
50 34
51 26
52 35
53 37
54 28
55 36
56 36
57 25
58 30
59 41
60 34
61 25
62 33
63 46
64 36
65 27
66 27
67 28
68 26
69 25
70 34
71 29
72 38
73 27
74 39
75 33
76 26
77 32
78 28
79 34
80 31
81 46
82 36
83 36
84 36
85 41
86 38
87 42
88 42
89 37
90 46
91 53
92 39
93 49
94 33
95 40
96 29
97 34
98 30
99 36
100 36
101 33
102 31
103 47
104 40
105 44
106 32
107 47
108 23
109 36
110 51
111 47
112 43
113 31
114 37
115 42
116 51
117 50
118 41
119 48
120 41
121 37
122 44
123 39
124 47
125 45
126 49
127 45
128 45
129 42
130 46
131 48
132 54
133 49
134 47
135 40
136 47
137 48
138 46
139 54
140 43
141 45
142 48
143 37
144 48
145 46
146 39
147 54
148 41
149 39
150 48
151 59
152 45
153 50
154 43
155 54
156 38
157 46
158 46
159 50
160 49
161 51
162 45
163 64
164 45
165 26
166 38
167 45
168 43
169 43
170 49
171 44
172 50
173 53
174 44
175 43
176 43
177 56
178 52
179 47
180 39
181 39
182 50
183 37
184 51
185 37
186 41
187 39
188 52
189 41
190 42
191 31
192 25
193 43
194 31
195 63
196 50
197 52
198 45
199 54
200 51
201 48
202 46
203 44
204 51
205 45
206 49
207 44
208 49
209 51
210 51
211 62
212 51
213 57
214 50
215 45
216 58
217 56
218 47
219 51
220 56
221 54
222 59
223 52
224 55
225 51
226 60
227 54
228 51
229 50
230 50
231 60
232 53
233 54
234 48
235 55
236 56
237 48
238 50
239 50
240 46
241 56
242 51
243 45
244 53
245 54
246 52
247 51
248 54
249 51
250 47
251 49
252 46
253 50
254 52
255 48
256 58
257 47
258 46
259 60
260 46
261 51
262 40
263 41
264 50
265 56
266 39
267 48
268 48
269 50
270 49
271 66
272 55
273 65
274 55
275 57
276 46
277 48
278 45
279 53
280 45
281 50
282 47
283 50
284 58
285 60
286 46
287 63
288 52
289 64
290 79
291 62
292 76
293 58
294 52
295 48
296 52
297 54
298 57
299 49
300 44
1 2
2 2
3 3
4 4
5 3
6 2
7 5
8 2
9 3
10 4
11 4
12 4
13 4
14 2
15 3
16 4
17 5
18 3
19 3
20 4
21 3
22 3
23 7
24 1
25 4
26 5
27 2
28 5
29 3
30 2
31 3
32 6
33 3
34 4
35 4
36 2
37 2
38 4
39 9
40 3
41 4
42 7
43 3
44 4
45 3
46 6
47 3
48 5
49 4
50 4
51 5
52 4
53 4
54 6
55 7
56 6
57 2
58 7
59 3
60 2
61 5
62 5
63 7
64 4
65 7
66 6
67 4
68 6
69 5
70 7
71 9
72 24
73 39
74 34
75 32
76 45
77 45
78 43
79 40
80 46
81 43
82 43
83 32
84 53
85 44
86 46
87 27
88 46
89 40
90 41
91 34
92 28
93 33
94 32
95 31
96 29
97 42
98 38
99 37
100 42
101 44
102 32
103 29
104 32
105 37
106 45
107 69
108 58
109 37
110 38
111 69
112 77
113 64
114 66
115 76
116 77
117 79
118 62
119 71
120 63
121 58
122 59
123 65
124 71
125 65
126 69
127 60
128 62
129 71
130 62
131 74
132 75
133 66
134 65
135 64
136 62
137 61
138 56
139 57
140 65
141 55
142 65
143 55
144 61
145 66
146 74
147 78
148 65
149 66
150 78
151 66
152 48
153 50
154 56
155 74
156 63
157 62
158 74
159 72
160 58
161 65
162 73
163 62
164 68
165 78
166 72
167 71
168 75
169 70
170 71
171 45
172 48
173 69
174 69
175 67
176 76
177 72
178 73
179 84
180 81
181 76
182 64
183 83
184 66
185 77
186 82
187 67
188 65
189 84
190 75
191 76
192 62
193 58
194 77
195 59
196 77
197 57
198 66
199 69
200 81
201 78
202 78
203 63
204 62
205 38
206 65
207 33
208 73
209 72
210 90
211 63
212 77
213 75
214 71
215 72
216 62
217 51
218 56
219 74
220 62
221 76
222 71
223 76
224 76
225 65
226 43
227 66
228 70
229 71
230 60
231 63
232 73
233 75
234 70
235 86
236 62
237 63
238 76
239 72
240 68
241 51
242 83
243 66
244 69
245 84
246 79
247 68
248 76
249 64
250 63
251 73
252 63
253 66
254 71
255 76
256 67
257 75
258 63
259 55
260 79
261 74
262 65
263 76
264 83
265 69
266 65
267 68
268 70
269 69
270 78
271 68
272 66
273 52
274 56
275 61
276 64
277 73
278 69
279 56
280 53
281 64
282 72
283 61
284 78
285 74
286 86
287 58
288 71
289 47
290 64
291 86
292 55
293 70
294 71
295 38
296 68
297 74
298 83
299 64
300 60
1 1
2 0
3 1
4 1
5 1
6 1
7 6
8 3
9 1
10 3
11 2
12 4
13 1
14 1
15 5
16 11
17 15
18 13
19 14
20 14
21 16
22 12
23 8
24 15
25 17
26 16
27 13
28 18
29 11
30 11
31 15
32 15
33 13
34 13
35 13
36 14
37 17
38 17
39 14
40 14
41 14
42 19
43 17
44 15
45 23
46 38
47 38
48 27
49 40
50 37
51 50
52 40
53 27
54 40
55 39
56 47
57 47
58 45
59 36
60 46
61 45
62 58
63 50
64 54
65 42
66 44
67 42
68 35
69 41
70 47
71 44
72 46
73 49
74 44
75 51
76 41
77 53
78 40
79 36
80 60
81 56
82 46
83 64
84 57
85 73
86 65
87 95
88 63
89 66
90 64
91 60
92 76
93 71
94 89
95 63
96 76
97 49
98 63
99 59
100 55
101 90
102 53
103 62
104 40
105 54
106 58
107 75
108 76
109 58
110 53
111 79
112 42
113 57
114 56
115 64
116 59
117 62
118 54
119 76
120 48
121 45
122 24
123 31
124 41
125 34
126 56
127 38
128 70
129 58
130 49
131 46
132 43
133 43
134 44
135 55
136 35
137 56
138 51
139 48
140 40
141 42
142 50
143 53
144 39
145 45
146 39
147 41
148 42
149 43
150 43
151 47
152 43
153 43
154 34
155 54
156 42
157 46
158 47
159 54
160 35
161 42
162 52
163 45
164 45
165 50
166 54
167 54
168 40
169 54
170 43
171 49
172 40
173 55
174 53
175 53
176 57
177 44
178 48
179 54
180 51
181 39
182 41
183 45
184 63
185 50
186 52
187 37
188 44
189 51
190 43
191 49
192 45
193 45
194 40
195 48
196 51
197 67
198 59
199 41
200 50
201 63
202 75
203 84
204 72
205 65
206 88
207 77
208 80
209 91
210 80
211 53
212 69
213 73
214 72
215 79
216 72
217 78
218 56
219 61
220 71
221 77
222 64
223 74
224 70
225 77
226 63
227 75
228 92
229 76
230 63
231 66
232 59
233 67
234 57
235 63
236 67
237 85
238 62
239 74
240 60
241 43
242 43
243 80
244 73
245 73
246 40
247 69
248 74
249 50
250 49
251 50
252 56
253 49
254 40
255 43
256 38
257 43
258 47
259 46
260 45
261 42
262 39
263 47
264 55
265 44
266 38
267 52
268 40
269 46
270 42
271 47
272 46
273 40
274 49
275 55
276 63
277 72
278 83
279 60
280 52
281 54
282 48
283 36
284 51
285 74
286 89
287 62
288 67
289 63
290 68
291 57
292 59
293 75
294 74
295 52
296 48
297 43
298 40
299 39
300 44
1 1
2 0
3 1
4 1
5 2
6 1
7 1
8 4
9 4
10 3
11 2
12 2
13 4
14 3
15 3
16 3
17 3
18 3
19 3
20 2
21 1
22 3
23 4
24 16
25 10
26 12
27 11
28 15
29 11
30 12
31 14
32 10
33 11
34 12
35 7
36 13
37 13
38 11
39 13
40 10
41 12
42 9
43 9
44 12
45 12
46 13
47 11
48 15
49 10
50 8
51 9
52 10
53 15
54 16
55 12
56 14
57 8
58 10
59 12
60 13
61 8
62 16
63 17
64 13
65 9
66 8
67 12
68 12
69 11
70 12
71 14
72 12
73 8
74 11
75 11
76 9
77 10
78 17
79 13
80 10
81 14
82 14
83 12
84 15
85 10
86 15
87 13
88 12
89 9
90 8
91 11
92 9
93 11
94 16
95 14
96 9
97 8
98 10
99 17
100 15
101 14
102 18
103 10
104 12
105 10
106 14
107 13
108 10
109 15
110 11
111 16
112 13
113 14
114 12
115 12
116 8
117 19
118 11
119 14
120 13
121 12
122 11
123 15
124 12
125 12
126 13
127 12
128 7
129 7
130 14
131 9
132 11
133 14
134 11
135 13
136 13
137 10
138 11
139 17
140 12
141 17
142 12
143 13
144 10
145 10
146 15
147 18
148 13
149 11
150 11
151 14
152 12
153 16
154 12
155 13
156 12
157 15
158 13
159 13
160 10
161 14
162 13
163 12
164 10
165 11
166 11
167 14
168 15
169 9
170 11
171 13
172 10
173 11
174 10
175 10
176 13
177 15
178 12
179 17
180 14
181 15
182 13
183 13
184 11
185 16
186 30
187 47
188 34
189 47
190 45
191 39
192 38
193 59
194 51
195 42
196 42
197 46
198 47
199 35
200 40
201 40
202 46
203 36
204 45
205 56
206 48
207 60
208 69
209 56
210 79
211 75
212 64
213 78
214 74
215 68
216 70
217 80
218 56
219 66
220 67
221 72
222 76
223 61
224 71
225 71
226 31
227 75
228 65
229 60
230 39
231 57
232 72
233 48
234 57
235 58
236 65
237 59
238 54
239 69
240 57
241 55
242 78
243 75
244 69
245 60
246 70
247 66
248 72
249 42
250 47
251 48
252 88
253 72
254 75
255 67
256 60
257 66
258 73
259 69
260 76
261 58
262 60
263 73
264 73
265 69
266 68
267 57
268 76
269 68
270 31
271 53
272 62
273 63
274 53
275 50
276 73
277 67
278 64
279 70
280 66
281 61
282 65
283 71
284 64
285 41
286 66
287 60
288 72
289 58
290 71
291 64
292 64
293 71
294 65
295 58
296 76
297 52
298 56
299 72
300 68
1 1
2 1
3 1
4 1
5 0
6 1
7 1
8 0
9 1
10 1
11 1
12 1
13 1
14 1
15 1
16 2
17 2
18 8
19 4
20 4
21 8
22 12
23 9
24 8
25 13
26 16
27 11
28 18
29 9
30 14
31 13
32 11
33 10
34 10
35 15
36 9
37 9
38 13
39 11
40 14
41 12
42 11
43 14
44 7
45 11
46 14
47 15
48 11
49 14
50 15
51 14
52 12
53 13
54 13
55 12
56 14
57 13
58 11
59 15
60 11
61 14
62 15
63 11
64 11
65 12
66 11
67 13
68 13
69 13
70 14
71 14
72 14
73 10
74 11
75 13
76 10
77 12
78 16
79 13
80 13
81 11
82 11
83 13
84 9
85 11
86 10
87 10
88 12
89 12
90 19
91 13
92 14
93 19
94 10
95 9
96 12
97 11
98 9
99 9
100 16
101 13
102 12
103 14
104 13
105 19
106 12
107 11
108 12
109 12
110 15
111 12
112 17
113 12
114 15
115 13
116 15
117 9
118 11
119 9
120 14
121 12
122 11
123 13
124 11
125 11
126 11
127 15
128 11
129 9
130 16
131 12
132 12
133 13
134 16
135 15
136 12
137 9
138 13
139 12
140 13
141 9
142 13
143 12
144 20
145 13
146 14
147 12
148 14
149 13
150 19
151 16
152 15
153 16
154 22
155 46
156 46
157 43
158 46
159 40
160 24
161 44
162 11
163 32
164 35
165 41
166 42
167 48
168 27
169 13
170 17
171 29
172 40
173 16
174 44
175 17
176 54
177 36
178 40
179 29
180 39
181 42
182 30
183 31
184 20
185 33
186 34
187 33
188 31
189 49
190 48
191 44
192 43
193 47
194 37
195 56
196 35
197 42
198 49
199 46
200 50
201 35
202 41
203 28
204 66
205 46
206 21
207 40
208 51
209 36
210 46
211 38
212 40
213 25
214 36
215 36
216 43
217 39
218 45
219 38
220 26
221 47
222 35
223 36
224 53
225 43
226 40
227 42
228 44
229 36
230 38
231 39
232 39
233 43
234 39
235 52
236 51
237 34
238 45
239 49
240 44
241 48
242 37
243 37
244 27
245 42
246 47
247 50
248 36
249 38
250 47
251 45
252 40
253 43
254 38
255 37
256 52
257 47
258 44
259 44
260 54
261 49
262 36
263 40
264 43
265 41
266 46
267 52
268 57
269 42
270 55
271 57
272 46
273 43
274 47
275 45
276 46
277 48
278 37
279 36
280 48
281 39
282 44
283 34
284 46
285 37
286 40
287 53
288 35
289 51
290 48
291 49
292 34
293 40
294 36
295 42
296 35
297 45
298 53
299 30
300 44
1 1
2 1
3 1
4 2
5 2
6 1
7 2
8 1
9 1
10 1
11 1
12 1
13 5
14 14
15 11
16 23
17 14
18 15
19 17
20 19
21 11
22 14
23 18
24 18
25 21
26 16
27 17
28 22
29 18
30 19
31 12
32 11
33 11
34 14
35 27
36 13
37 20
38 15
39 15
40 14
41 16
42 17
43 19
44 19
45 13
46 13
47 17
48 11
49 17
50 14
51 19
52 13
53 19
54 18
55 16
56 16
57 28
58 15
59 15
60 18
61 18
62 14
63 14
64 17
65 18
66 18
67 13
68 20
69 14
70 16
71 18
72 13
73 14
74 18
75 14
76 15
77 18
78 14
79 25
80 27
81 30
82 26
83 39
84 37
85 27
86 36
87 38
88 50
89 34
90 33
91 34
92 44
93 54
94 36
95 34
96 45
97 45
98 40
99 61
100 36
101 46
102 56
103 50
104 52
105 61
106 66
107 61
108 65
109 43
110 56
111 63
112 68
113 74
114 82
115 61
116 60
117 71
118 53
119 63
120 58
121 62
122 45
123 64
124 57
125 68
126 59
127 61
128 58
129 66
130 60
131 59
132 73
133 61
134 53
135 63
136 35
137 50
138 54
139 38
140 39
141 36
142 46
143 49
144 46
145 46
146 54
147 82
148 58
149 102
150 53
151 69
152 42
153 63
154 35
155 65
156 51
157 52
158 60
159 59
160 50
161 40
162 55
163 64
164 108
165 54
166 42
167 48
168 51
169 51
170 64
171 60
172 60
173 61
174 59
175 52
176 57
177 47
178 68
179 61
180 50
181 70
182 65
183 51
184 60
185 77
186 70
187 54
188 60
189 72
190 64
191 44
192 48
193 51
194 73
195 66
196 59
197 69
198 47
199 29
200 44
201 37
202 55
203 57
204 63
205 84
206 64
207 76
208 72
209 37
210 69
211 64
212 49
213 56
214 62
215 63
216 61
217 52
218 74
219 66
220 66
221 80
222 68
223 52
224 67
225 60
226 66
227 55
228 49
229 58
230 66
231 60
232 50
233 53
234 45
235 68
236 63
237 63
238 70
239 75
240 70
241 61
242 70
243 64
244 59
245 69
246 107
247 86
248 41
249 62
250 38
251 58
252 56
253 61
254 72
255 81
256 36
257 81
258 96
259 77
260 76
261 61
262 81
263 53
264 49
265 43
266 60
267 43
268 67
269 55
270 60
271 53
272 50
273 43
274 45
275 45
276 49
277 73
278 76
279 44
280 72
281 91
282 64
283 52
284 42
285 41
286 50
287 49
288 51
289 50
290 44
291 45
292 62
293 54
294 49
295 59
296 52
297 43
298 48
299 52
300 44
1 0
2 1
3 1
4 1
5 1
6 0
7 1
8 1
9 0
10 1
11 1
12 0
13 4
14 2
15 2
16 1
17 1
18 1
19 2
20 1
21 1
22 4
23 8
24 12
25 12
26 14
27 17
28 13
29 10
30 9
31 10
32 8
33 12
34 11
35 12
36 10
37 14
38 12
39 13
40 12
41 13
42 15
43 11
44 11
45 14
46 11
47 11
48 12
49 12
50 12
51 12
52 17
53 11
54 14
55 15
56 15
57 15
58 18
59 13
60 15
61 13
62 13
63 19
64 12
65 10
66 13
67 20
68 8
69 16
70 14
71 12
72 13
73 13
74 13
75 10
76 14
77 16
78 13
79 11
80 12
81 12
82 13
83 12
84 15
85 15
86 15
87 15
88 13
89 12
90 12
91 19
92 16
93 20
94 13
95 19
96 21
97 15
98 34
99 46
100 50
101 55
102 50
103 50
104 53
105 53
106 49
107 64
108 63
109 47
110 54
111 52
112 59
113 55
114 58
115 45
116 55
117 51
118 47
119 57
120 51
121 42
122 50
123 55
124 48
125 51
126 54
127 50
128 54
129 57
130 56
131 55
132 58
133 54
134 51
135 54
136 57
137 85
138 51
139 49
140 54
141 52
142 76
143 65
144 67
145 67
146 49
147 55
148 53
149 50
150 41
151 66
152 44
153 51
154 42
155 66
156 58
157 79
158 66
159 58
160 69
161 69
162 45
163 54
164 60
165 67
166 53
167 55
168 50
169 54
170 58
171 67
172 53
173 46
174 49
175 45
176 50
177 57
178 61
179 48
180 46
181 52
182 62
183 54
184 55
185 51
186 53
187 64
188 53
189 58
190 45
191 45
192 56
193 51
194 58
195 52
196 58
197 47
198 55
199 58
200 50
201 54
202 46
203 52
204 51
205 49
206 55
207 42
208 55
209 61
210 55
211 56
212 52
213 51
214 57
215 50
216 49
217 58
218 55
219 48
220 62
221 62
222 60
223 53
224 49
225 54
226 76
227 74
228 67
229 71
230 69
231 54
232 56
233 65
234 67
235 55
236 53
237 67
238 71
239 57
240 53
241 76
242 44
243 63
244 63
245 49
246 56
247 50
248 72
249 77
250 54
251 52
252 55
253 46
254 56
255 54
256 47
257 50
258 59
259 57
260 58
261 52
262 53
263 49
264 48
265 46
266 51
267 49
268 47
269 47
270 50
271 59
272 52
273 53
274 53
275 59
276 47
277 58
278 58
279 45
280 50
281 51
282 51
283 61
284 72
285 47
286 66
287 55
288 57
289 52
290 57
291 56
292 47
293 66
294 56
295 49
296 61
297 58
298 48
299 47
300 57
1 1
2 1
3 3
4 11
5 6
6 11
7 12
8 14
9 13
10 11
11 13
12 12
13 18
14 15
15 21
16 26
17 20
18 25
19 34
20 27
21 38
22 43
23 31
24 30
25 36
26 36
27 54
28 54
29 23
30 23
31 33
32 32
33 28
34 21
35 36
36 32
37 35
38 26
39 47
40 40
41 39
42 52
43 37
44 45
45 44
46 37
47 46
48 37
49 45
50 46
51 44
52 46
53 42
54 31
55 43
56 49
57 46
58 37
59 37
60 44
61 37
62 55
63 40
64 59
65 58
66 44
67 45
68 43
69 52
70 57
71 48
72 46
73 59
74 51
75 52
76 43
77 45
78 56
79 64
80 59
81 51
82 50
83 43
84 51
85 62
86 53
87 46
88 52
89 63
90 74
91 63
92 58
93 48
94 62
95 63
96 50
97 53
98 48
99 47
100 55
101 54
102 63
103 53
104 48
105 53
106 49
107 53
108 50
109 57
110 57
111 46
112 60
113 42
114 42
115 53
116 48
117 41
118 59
119 44
120 35
121 37
122 45
123 39
124 49
125 48
126 52
127 37
128 50
129 46
130 49
131 46
132 48
133 39
134 54
135 44
136 32
137 43
138 43
139 48
140 42
141 49
142 37
143 46
144 34
145 44
146 39
147 60
148 55
149 44
150 47
151 49
152 58
153 45
154 56
155 54
156 49
157 50
158 51
159 42
160 61
161 48
162 71
163 48
164 55
165 52
166 50
167 46
168 35
169 62
170 57
171 53
172 57
173 52
174 50
175 56
176 55
177 53
178 54
179 50
180 52
181 45
182 46
183 56
184 50
185 47
186 50
187 51
188 47
189 46
190 49
191 51
192 54
193 45
194 40
195 42
196 49
197 48
198 49
199 49
200 56
201 58
202 56
203 59
204 53
205 51
206 60
207 54
208 58
209 50
210 47
211 48
212 53
213 54
214 45
215 44
216 49
217 49
218 59
219 51
220 43
221 58
222 46
223 71
224 74
225 87
226 58
227 65
228 57
229 59
230 44
231 47
232 48
233 58
234 50
235 57
236 57
237 50
238 47
239 58
240 59
241 55
242 60
243 47
244 52
245 52
246 52
247 58
248 55
249 55
250 56
251 48
252 39
253 57
254 51
255 56
256 44
257 49
258 63
259 54
260 53
261 49
262 55
263 54
264 49
265 44
266 62
267 59
268 47
269 50
270 66
271 46
272 51
273 52
274 54
275 56
276 56
277 48
278 54
279 48
280 53
281 59
282 56
283 44
284 47
285 49
286 47
287 56
288 49
289 50
290 50
291 52
292 61
293 51
294 46
295 52
296 51
297 52
298 49
299 52
300 50
1 1
2 0
3 7
4 6
5 8
6 11
7 10
8 11
9 15
10 11
11 12
12 11
13 10
14 15
15 12
16 12
17 9
18 15
19 13
20 12
21 13
22 15
23 7
24 12
25 13
26 14
27 13
28 14
29 12
30 12
31 10
32 18
33 10
34 15
35 10
36 17
37 21
38 14
39 10
40 10
41 15
42 22
43 11
44 14
45 14
46 11
47 13
48 9
49 10
50 21
51 15
52 17
53 11
54 13
55 10
56 10
57 10
58 14
59 12
60 11
61 14
62 13
63 12
64 14
65 13
66 14
67 10
68 12
69 11
70 15
71 13
72 11
73 19
74 10
75 14
76 14
77 13
78 12
79 14
80 10
81 11
82 11
83 13
84 9
85 11
86 17
87 14
88 14
89 9
90 11
91 10
92 12
93 12
94 15
95 9
96 10
97 11
98 13
99 12
100 18
101 14
102 14
103 15
104 12
105 11
106 13
107 13
108 11
109 11
110 18
111 16
112 14
113 14
114 12
115 16
116 12
117 11
118 11
119 13
120 15
121 16
122 12
123 11
124 12
125 12
126 10
127 11
128 10
129 11
130 13
131 16
132 14
133 13
134 14
135 16
136 15
137 11
138 9
139 12
140 11
141 15
142 11
143 14
144 13
145 10
146 14
147 11
148 13
149 13
150 15
151 17
152 11
153 10
154 11
155 17
156 12
157 12
158 14
159 15
160 15
161 11
162 15
163 10
164 16
165 14
166 12
167 13
168 10
169 17
170 12
171 9
172 11
173 11
174 12
175 12
176 14
177 11
178 13
179 11
180 12
181 13
182 9
183 10
184 12
185 12
186 13
187 13
188 13
189 13
190 11
191 14
192 12
193 13
194 20
195 22
196 55
197 51
198 47
199 48
200 41
201 27
202 38
203 38
204 32
205 40
206 37
207 40
208 41
209 38
210 35
211 41
212 39
213 38
214 49
215 44
216 36
217 46
218 43
219 51
220 40
221 49
222 48
223 30
224 36
225 52
226 33
227 43
228 32
229 27
230 38
231 50
232 47
233 40
234 38
235 33
236 40
237 29
238 40
239 40
240 36
241 45
242 43
243 41
244 36
245 52
246 43
247 37
248 48
249 39
250 55
251 50
252 37
253 42
254 41
255 52
256 50
257 55
258 42
259 47
260 49
261 44
262 51
263 41
264 62
265 44
266 52
267 46
268 49
269 47
270 39
271 48
272 62
273 47
274 46
275 47
276 54
277 42
278 43
279 62
280 45
281 49
282 55
283 48
284 48
285 45
286 41
287 50
288 41
289 51
290 37
291 49
292 44
293 41
294 58
295 48
296 53
297 50
298 55
299 43
300 52
1 0
2 1
3 1
4 2
5 3
6 3
7 5
8 1
9 2
10 4
11 2
12 4
13 3
14 1
15 3
16 3
17 5
18 4
19 3
20 1
21 3
22 3
23 4
24 4
25 3
26 3
27 8
28 12
29 15
30 21
31 19
32 20
33 37
34 29
35 31
36 31
37 40
38 60
39 48
40 76
41 90
42 73
43 102
44 88
45 70
46 91
47 71
48 76
49 96
50 80
51 64
52 71
53 72
54 79
55 60
56 73
57 63
58 62
59 47
60 69
61 82
62 60
63 62
64 64
65 66
66 46
67 37
68 43
69 54
70 50
71 57
72 63
73 63
74 55
75 52
76 72
77 70
78 53
79 58
80 47
81 45
82 51
83 49
84 49
85 41
86 56
87 81
88 77
89 68
90 81
91 58
92 67
93 54
94 45
95 44
96 72
97 45
98 44
99 63
100 55
101 51
102 56
103 46
104 47
105 45
106 46
107 54
108 43
109 54
110 65
111 51
112 48
113 47
114 47
115 46
116 57
117 48
118 62
119 48
120 47
121 57
122 47
123 48
124 56
125 56
126 56
127 54
128 53
129 53
130 45
131 43
132 53
133 45
134 83
135 53
136 54
137 49
138 53
139 51
140 90
141 53
142 48
143 51
144 46
145 44
146 53
147 49
148 50
149 53
150 57
151 58
152 50
153 48
154 52
155 50
156 43
157 47
158 44
159 55
160 55
161 50
162 49
163 56
164 53
165 46
166 49
167 49
168 51
169 56
170 49
171 50
172 51
173 57
174 59
175 36
176 52
177 57
178 54
179 51
180 59
181 49
182 54
183 54
184 53
185 45
186 39
187 49
188 53
189 55
190 51
191 46
192 45
193 66
194 76
195 55
196 49
197 54
198 47
199 39
200 55
201 42
202 51
203 46
204 53
205 48
206 51
207 48
208 50
209 50
210 66
211 45
212 49
213 50
214 45
215 41
216 46
217 53
218 46
219 53
220 53
221 46
222 50
223 49
224 49
225 51
226 58
227 51
228 51
229 46
230 61
231 52
232 50
233 50
234 56
235 57
236 45
237 45
238 61
239 56
240 57
241 53
242 50
243 57
244 53
245 54
246 53
247 49
248 57
249 43
250 56
251 55
252 56
253 48
254 45
255 56
256 52
257 70
258 56
259 51
260 50
261 54
262 51
263 50
264 63
265 45
266 50
267 35
268 46
269 58
270 55
271 54
272 49
273 46
274 55
275 54
276 51
277 54
278 48
279 43
280 46
281 52
282 49
283 49
284 47
285 63
286 46
287 52
288 52
289 52
290 63
291 54
292 49
293 44
294 64
295 60
296 53
297 44
298 59
299 65
300 49
1 1
2 3
3 2
4 2
5 3
6 1
7 1
8 4
9 2
10 3
11 3
12 3
13 3
14 4
15 4
16 3
17 2
18 2
19 2
20 3
21 4
22 4
23 2
24 4
25 3
26 4
27 3
28 2
29 3
30 4
31 3
32 2
33 2
34 2
35 3
36 3
37 5
38 2
39 1
40 4
41 2
42 1
43 3
44 3
45 4
46 3
47 3
48 2
49 3
50 4
51 2
52 3
53 5
54 3
55 5
56 5
57 5
58 4
59 3
60 3
61 3
62 4
63 3
64 5
65 2
66 3
67 3
68 3
69 5
70 2
71 5
72 11
73 11
74 13
75 14
76 13
77 10
78 10
79 14
80 12
81 12
82 13
83 16
84 18
85 12
86 13
87 12
88 10
89 18
90 16
91 15
92 10
93 12
94 13
95 15
96 13
97 14
98 14
99 10
100 12
101 10
102 12
103 14
104 17
105 13
106 12
107 14
108 13
109 9
110 9
111 15
112 13
113 10
114 12
115 14
116 9
117 13
118 10
119 12
120 12
121 12
122 13
123 12
124 12
125 12
126 14
127 18
128 10
129 11
130 11
131 10
132 17
133 16
134 11
135 15
136 10
137 11
138 14
139 10
140 12
141 19
142 12
143 10
144 8
145 11
146 12
147 13
148 14
149 10
150 11
151 13
152 13
153 14
154 12
155 11
156 13
157 14
158 14
159 13
160 13
161 10
162 13
163 11
164 13
165 12
166 14
167 18
168 11
169 11
170 11
171 11
172 14
173 13
174 16
175 15
176 10
177 18
178 13
179 11
180 12
181 12
182 17
183 13
184 9
185 11
186 14
187 12
188 10
189 9
190 12
191 14
192 13
193 14
194 12
195 12
196 16
197 14
198 11
199 25
200 34
201 47
202 53
203 48
204 54
205 53
206 51
207 58
208 53
209 49
210 55
211 46
212 51
213 46
214 44
215 51
216 50
217 42
218 51
219 45
220 46
221 50
222 41
223 46
224 59
225 57
226 51
227 54
228 50
229 42
230 51
231 56
232 50
233 39
234 46
235 43
236 54
237 41
238 51
239 45
240 57
241 57
242 55
243 50
244 44
245 62
246 51
247 51
248 41
249 47
250 49
251 52
252 63
253 55
254 53
255 45
256 53
257 35
258 36
259 33
260 40
261 47
262 50
263 37
264 36
265 43
266 49
267 57
268 42
269 48
270 49
271 45
272 39
273 64
274 35
275 50
276 66
277 80
278 42
279 53
280 58
281 50
282 28
283 46
284 42
285 37
286 39
287 38
288 41
289 47
290 48
291 77
292 51
293 54
294 57
295 65
296 52
297 66
298 68
299 24
300 48
1 1
2 1
3 2
4 1
5 2
6 3
7 2
8 4
9 3
10 1
11 5
12 4
13 4
14 8
15 7
16 8
17 17
18 16
19 15
20 18
21 21
22 36
23 33
24 33
25 23
26 34
27 33
28 35
29 35
30 40
31 31
32 26
33 36
34 41
35 32
36 62
37 58
38 57
39 56
40 67
41 44
42 55
43 63
44 42
45 76
46 49
47 63
48 56
49 47
50 39
51 62
52 59
53 77
54 65
55 61
56 77
57 82
58 53
59 62
60 75
61 74
62 74
63 63
64 42
65 58
66 67
67 64
68 69
69 57
70 50
71 48
72 55
73 47
74 52
75 50
76 52
77 46
78 55
79 50
80 58
81 59
82 45
83 49
84 52
85 43
86 55
87 50
88 46
89 43
90 48
91 43
92 50
93 48
94 54
95 64
96 42
97 67
98 64
99 61
100 30
101 51
102 46
103 64
104 56
105 45
106 61
107 48
108 55
109 48
110 52
111 51
112 62
113 47
114 48
115 50
116 53
117 55
118 74
119 36
120 50
121 53
122 50
123 50
124 43
125 59
126 58
127 55
128 57
129 52
130 51
131 56
132 65
133 51
134 53
135 42
136 56
137 56
138 45
139 60
140 54
141 47
142 49
143 42
144 63
145 43
146 50
147 50
148 43
149 47
150 52
151 52
152 45
153 60
154 50
155 59
156 54
157 58
158 51
159 49
160 54
161 53
162 55
163 51
164 51
165 55
166 48
167 42
168 51
169 53
170 58
171 62
172 64
173 50
174 51
175 59
176 45
177 56
178 59
179 64
180 45
181 65
182 87
183 76
184 53
185 43
186 65
187 78
188 64
189 73
190 72
191 70
192 55
193 79
194 69
195 61
196 57
197 59
198 63
199 48
200 64
201 54
202 49
203 51
204 52
205 50
206 49
207 49
208 44
209 47
210 54
211 56
212 47
213 45
214 44
215 49
216 48
217 56
218 49
219 62
220 52
221 46
222 63
223 52
224 47
225 57
226 54
227 48
228 55
229 59
230 47
231 47
232 47
233 62
234 56
235 47
236 68
237 45
238 49
239 51
240 56
241 50
242 59
243 55
244 51
245 43
246 50
247 51
248 55
249 56
250 60
251 53
252 51
253 39
254 52
255 56
256 53
257 47
258 54
259 58
260 46
261 57
262 58
263 46
264 59
265 46
266 50
267 46
268 52
269 59
270 51
271 42
272 50
273 51
274 45
275 44
276 49
277 43
278 58
279 49
280 55
281 47
282 36
283 55
284 37
285 44
286 50
287 49
288 44
289 43
290 52
291 43
292 46
293 68
294 50
295 73
296 64
297 36
298 44
299 42
300 50
1 3
2 2
3 3
4 5
5 3
6 9
7 3
8 6
9 7
10 4
11 7
12 4
13 9
14 9
15 13
16 12
17 17
18 12
19 15
20 15
21 13
22 16
23 18
24 14
25 20
26 11
27 13
28 15
29 11
30 16
31 15
32 14
33 18
34 18
35 14
36 11
37 21
38 11
39 15
40 11
41 13
42 19
43 18
44 33
45 24
46 31
47 25
48 23
49 36
50 42
51 38
52 29
53 34
54 30
55 30
56 27
57 31
58 29
59 32
60 34
61 32
62 30
63 37
64 38
65 32
66 31
67 27
68 41
69 29
70 32
71 32
72 46
73 38
74 53
75 45
76 61
77 71
78 55
79 48
80 56
81 58
82 55
83 57
84 55
85 73
86 74
87 44
88 53
89 54
90 67
91 51
92 83
93 48
94 54
95 56
96 49
97 57
98 43
99 86
100 65
101 52
102 69
103 71
104 62
105 33
106 49
107 58
108 55
109 56
110 53
111 52
112 42
113 52
114 59
115 50
116 50
117 61
118 53
119 43
120 57
121 44
122 49
123 59
124 56
125 70
126 57
127 53
128 53
129 47
130 66
131 62
132 68
133 59
134 60
135 54
136 48
137 70
138 54
139 50
140 61
141 49
142 61
143 67
144 74
145 69
146 51
147 48
148 52
149 59
150 49
151 64
152 55
153 56
154 53
155 53
156 47
157 54
158 83
159 43
160 58
161 55
162 68
163 54
164 56
165 51
166 56
167 49
168 55
169 54
170 48
171 50
172 51
173 54
174 40
175 48
176 44
177 66
178 52
179 51
180 45
181 63
182 55
183 49
184 46
185 49
186 40
187 51
188 59
189 44
190 50
191 52
192 48
193 51
194 60
195 43
196 55
197 54
198 52
199 54
200 57
201 48
202 41
203 60
204 54
205 58
206 56
207 43
208 60
209 49
210 55
211 47
212 56
213 62
214 50
215 51
216 54
217 53
218 52
219 55
220 51
221 57
222 57
223 51
224 53
225 49
226 48
227 54
228 55
229 59
230 53
231 55
232 58
233 57
234 46
235 48
236 46
237 47
238 50
239 53
240 48
241 62
242 46
243 50
244 44
245 61
246 53
247 53
248 46
249 46
250 52
251 60
252 53
253 53
254 56
255 61
256 53
257 41
258 50
259 44
260 54
261 48
262 54
263 42
264 48
265 45
266 53
267 73
268 52
269 80
270 44
271 46
272 50
273 61
274 53
275 55
276 55
277 59
278 53
279 57
280 54
281 55
282 59
283 55
284 46
285 56
286 53
287 54
288 53
289 51
290 52
291 48
292 52
293 49
294 51
295 60
296 67
297 83
298 67
299 61
300 67
1 0
2 1
3 1
4 1
5 2
6 1
7 3
8 3
9 9
10 8
11 7
12 11
13 13
14 15
15 12
16 12
17 12
18 14
19 11
20 14
21 13
22 11
23 10
24 11
25 16
26 13
27 11
28 13
29 20
30 14
31 11
32 12
33 12
34 10
35 12
36 12
37 15
38 17
39 14
40 11
41 13
42 11
43 9
44 23
45 12
46 11
47 15
48 10
49 13
50 11
51 15
52 12
53 13
54 10
55 15
56 11
57 13
58 10
59 12
60 11
61 14
62 12
63 12
64 11
65 12
66 13
67 15
68 19
69 15
70 10
71 15
72 13
73 13
74 9
75 14
76 16
77 15
78 12
79 17
80 13
81 15
82 13
83 13
84 15
85 13
86 15
87 14
88 17
89 12
90 13
91 16
92 11
93 11
94 13
95 14
96 9
97 15
98 13
99 20
100 26
101 32
102 26
103 28
104 30
105 20
106 29
107 31
108 27
109 28
110 20
111 36
112 33
113 31
114 21
115 20
116 25
117 31
118 23
119 41
120 21
121 28
122 17
123 35
124 28
125 31
126 25
127 34
128 29
129 19
130 46
131 29
132 23
133 29
134 40
135 33
136 28
137 45
138 37
139 48
140 38
141 58
142 49
143 46
144 50
145 50
146 50
147 51
148 52
149 43
150 33
151 48
152 51
153 48
154 45
155 42
156 58
157 45
158 41
159 57
160 38
161 49
162 45
163 40
164 52
165 46
166 40
167 53
168 62
169 45
170 39
171 60
172 37
173 48
174 51
175 44
176 46
177 39
178 51
179 50
180 39
181 56
182 42
183 62
184 38
185 46
186 52
187 54
188 42
189 53
190 51
191 56
192 51
193 42
194 50
195 60
196 45
197 42
198 47
199 49
200 48
201 57
202 49
203 44
204 43
205 49
206 45
207 44
208 62
209 41
210 54
211 53
212 46
213 46
214 48
215 46
216 45
217 46
218 41
219 49
220 42
221 68
222 47
223 44
224 46
225 42
226 52
227 45
228 45
229 48
230 45
231 37
232 43
233 50
234 59
235 42
236 55
237 47
238 53
239 55
240 51
241 49
242 43
243 40
244 39
245 52
246 43
247 49
248 47
249 69
250 47
251 42
252 50
253 47
254 47
255 51
256 64
257 60
258 51
259 53
260 43
261 49
262 44
263 56
264 52
265 48
266 48
267 52
268 46
269 47
270 56
271 50
272 39
273 49
274 47
275 41
276 48
277 41
278 53
279 47
280 54
281 40
282 47
283 51
284 45
285 46
286 46
287 49
288 50
289 45
290 46
291 51
292 46
293 41
294 48
295 53
296 60
297 49
298 51
299 47
300 57
1 1
2 1
3 2
4 4
5 1
6 2
7 2
8 2
9 1
10 3
11 3
12 2
13 2
14 1
15 1
16 4
17 5
18 8
19 7
20 11
21 7
22 15
23 12
24 11
25 12
26 17
27 14
28 11
29 26
30 17
31 42
32 32
33 48
34 47
35 43
36 29
37 23
38 33
39 30
40 52
41 47
42 57
43 48
44 50
45 50
46 53
47 57
48 49
49 65
50 51
51 46
52 54
53 55
54 50
55 56
56 48
57 49
58 62
59 51
60 53
61 46
62 51
63 47
64 51
65 53
66 54
67 49
68 51
69 49
70 47
71 50
72 50
73 53
74 58
75 50
76 52
77 52
78 51
79 59
80 58
81 54
82 54
83 50
84 46
85 48
86 55
87 55
88 62
89 50
90 44
91 52
92 61
93 47
94 47
95 71
96 49
97 51
98 50
99 51
100 56
101 61
102 62
103 45
104 56
105 56
106 52
107 53
108 68
109 65
110 79
111 75
112 67
113 61
114 57
115 74
116 74
117 74
118 69
119 70
120 59
121 49
122 54
123 66
124 49
125 39
126 35
127 28
128 40
129 35
130 38
131 47
132 48
133 55
134 49
135 49
136 43
137 45
138 36
139 50
140 54
141 41
142 45
143 53
144 45
145 49
146 44
147 60
148 40
149 52
150 46
151 54
152 49
153 56
154 58
155 51
156 52
157 54
158 53
159 52
160 47
161 56
162 54
163 51
164 49
165 54
166 63
167 62
168 53
169 62
170 54
171 63
172 58
173 55
174 45
175 51
176 75
177 61
178 51
179 45
180 51
181 44
182 59
183 51
184 56
185 46
186 70
187 50
188 48
189 58
190 43
191 55
192 58
193 47
194 49
195 66
196 58
197 57
198 51
199 52
200 43
201 46
202 39
203 49
204 55
205 46
206 49
207 51
208 46
209 62
210 54
211 48
212 50
213 51
214 54
215 49
216 46
217 58
218 61
219 64
220 44
221 57
222 56
223 58
224 41
225 51
226 59
227 55
228 56
229 59
230 49
231 51
232 53
233 49
234 54
235 45
236 55
237 71
238 50
239 52
240 54
241 64
242 55
243 48
244 51
245 58
246 50
247 49
248 39
249 46
250 49
251 48
252 52
253 49
254 53
255 57
256 43
257 54
258 51
259 53
260 48
261 55
262 54
263 50
264 49
265 44
266 55
267 47
268 56
269 47
270 54
271 59
272 47
273 43
274 54
275 62
276 61
277 50
278 44
279 44
280 50
281 45
282 47
283 60
284 52
285 45
286 50
287 49
288 49
289 40
290 49
291 46
292 41
293 40
294 42
295 41
296 52
297 48
298 46
299 43
300 56
1 1
2 0
3 0
4 1
5 3
6 5
7 6
8 11
9 6
10 6
11 16
12 30
13 23
14 42
15 37
16 32
17 44
18 42
19 40
20 31
21 27
22 43
23 28
24 46
25 52
26 38
27 42
28 37
29 50
30 47
31 45
32 44
33 49
34 44
35 51
36 43
37 46
38 43
39 42
40 37
41 43
42 48
43 47
44 45
45 48
46 41
47 35
48 57
49 39
50 45
51 51
52 48
53 47
54 51
55 42
56 57
57 44
58 53
59 42
60 50
61 55
62 54
63 51
64 46
65 58
66 49
67 41
68 59
69 48
70 52
71 47
72 42
73 45
74 55
75 50
76 62
77 46
78 57
79 73
80 73
81 50
82 69
83 54
84 59
85 79
86 54
87 77
88 68
89 68
90 70
91 81
92 73
93 85
94 73
95 45
96 67
97 70
98 71
99 84
100 63
101 65
102 86
103 70
104 71
105 72
106 80
107 82
108 72
109 71
110 87
111 55
112 75
113 70
114 76
115 83
116 88
117 75
118 80
119 74
120 76
121 82
122 73
123 75
124 76
125 63
126 76
127 64
128 69
129 64
130 67
131 56
132 54
133 64
134 72
135 55
136 62
137 80
138 48
139 66
140 63
141 61
142 54
143 32
144 64
145 47
146 76
147 70
148 75
149 65
150 55
151 58
152 41
153 36
154 47
155 58
156 42
157 65
158 52
159 62
160 43
161 47
162 62
163 59
164 53
165 40
166 55
167 47
168 48
169 91
170 75
171 64
172 61
173 47
174 52
175 72
176 47
177 65
178 41
179 61
180 53
181 80
182 59
183 72
184 60
185 62
186 71
187 80
188 48
189 51
190 61
191 42
192 54
193 48
194 68
195 53
196 47
197 46
198 60
199 58
200 64
201 65
202 74
203 74
204 85
205 79
206 64
207 82
208 62
209 90
210 79
211 78
212 79
213 76
214 78
215 64
216 77
217 77
218 71
219 69
220 76
221 76
222 59
223 84
224 62
225 70
226 74
227 87
228 64
229 56
230 78
231 76
232 85
233 77
234 70
235 72
236 91
237 74
238 68
239 69
240 73
241 72
242 76
243 49
244 78
245 70
246 67
247 90
248 71
249 66
250 79
251 76
252 88
253 57
254 68
255 38
256 65
257 65
258 46
259 73
260 58
261 56
262 61
263 38
264 56
265 49
266 79
267 68
268 49
269 72
270 47
271 44
272 48
273 77
274 62
275 77
276 109
277 57
278 74
279 60
280 57
281 62
282 51
283 72
284 64
285 69
286 64
287 62
288 67
289 66
290 63
291 61
292 51
293 59
294 73
295 46
296 67
297 56
298 54
299 52
300 62
1 0
2 0
3 1
4 2
5 8
6 12
7 11
8 13
9 9
10 13
11 9
12 12
13 11
14 11
15 9
16 12
17 18
18 14
19 14
20 17
21 11
22 12
23 8
24 10
25 13
26 11
27 10
28 9
29 11
30 10
31 13
32 15
33 13
34 15
35 10
36 15
37 12
38 12
39 14
40 13
41 17
42 14
43 11
44 13
45 11
46 10
47 10
48 11
49 9
50 13
51 12
52 13
53 12
54 11
55 8
56 10
57 16
58 10
59 15
60 13
61 15
62 12
63 13
64 17
65 15
66 15
67 10
68 10
69 13
70 12
71 12
72 14
73 10
74 19
75 10
76 11
77 18
78 15
79 10
80 28
81 39
82 34
83 32
84 31
85 62
86 40
87 39
88 45
89 43
90 47
91 41
92 41
93 47
94 48
95 44
96 36
97 54
98 40
99 45
100 33
101 50
102 44
103 46
104 48
105 50
106 53
107 54
108 45
109 45
110 43
111 44
112 51
113 43
114 50
115 56
116 49
117 55
118 54
119 49
120 59
121 45
122 47
123 43
124 41
125 51
126 51
127 54
128 54
129 44
130 46
131 50
132 62
133 57
134 52
135 111
136 62
137 46
138 43
139 76
140 52
141 50
142 59
143 59
144 55
145 61
146 56
147 49
148 61
149 49
150 53
151 91
152 71
153 67
154 85
155 61
156 69
157 76
158 63
159 76
160 61
161 88
162 61
163 78
164 63
165 78
166 57
167 73
168 51
169 64
170 67
171 86
172 59
173 58
174 53
175 54
176 48
177 42
178 44
179 43
180 52
181 62
182 56
183 52
184 51
185 54
186 50
187 49
188 42
189 54
190 46
191 46
192 56
193 55
194 50
195 58
196 45
197 48
198 48
199 55
200 44
201 59
202 60
203 46
204 54
205 52
206 46
207 57
208 54
209 40
210 46
211 53
212 53
213 48
214 50
215 53
216 57
217 55
218 59
219 45
220 55
221 59
222 54
223 48
224 53
225 56
226 56
227 39
228 43
229 48
230 45
231 45
232 47
233 57
234 69
235 77
236 61
237 50
238 63
239 58
240 44
241 53
242 46
243 64
244 48
245 49
246 43
247 68
248 47
249 58
250 51
251 56
252 57
253 43
254 53
255 51
256 55
257 67
258 74
259 53
260 56
261 72
262 77
263 105
264 69
265 54
266 61
267 51
268 45
269 60
270 73
271 49
272 57
273 56
274 52
275 55
276 49
277 63
278 59
279 53
280 44
281 49
282 55
283 55
284 53
285 65
286 51
287 51
288 49
289 61
290 63
291 59
292 60
293 62
294 59
295 46
296 49
297 59
298 55
299 51
300 58
1 1
2 0
3 2
4 2
5 3
6 2
7 3
8 2
9 4
10 5
11 2
12 8
13 11
14 11
15 10
16 10
17 12
18 19
19 8
20 9
21 14
22 14
23 10
24 14
25 13
26 12
27 15
28 9
29 16
30 15
31 14
32 18
33 12
34 26
35 15
36 15
37 18
38 15
39 20
40 13
41 16
42 22
43 22
44 20
45 22
46 33
47 33
48 21
49 27
50 17
51 21
52 20
53 25
54 25
55 20
56 32
57 21
58 28
59 25
60 33
61 25
62 28
63 20
64 25
65 24
66 34
67 22
68 20
69 27
70 31
71 30
72 29
73 28
74 31
75 25
76 34
77 29
78 30
79 30
80 30
81 45
82 43
83 25
84 41
85 42
86 35
87 29
88 32
89 39
90 30
91 33
92 43
93 34
94 34
95 49
96 37
97 39
98 41
99 32
100 35
101 34
102 27
103 44
104 33
105 54
106 37
107 37
108 34
109 32
110 37
111 29
112 36
113 43
114 42
115 48
116 50
117 43
118 33
119 49
120 47
121 54
122 45
123 45
124 36
125 50
126 58
127 44
128 47
129 41
130 37
131 44
132 41
133 51
134 34
135 43
136 46
137 42
138 54
139 44
140 57
141 43
142 41
143 40
144 43
145 40
146 47
147 38
148 38
149 61
150 54
151 54
152 50
153 36
154 48
155 47
156 46
157 40
158 52
159 39
160 48
161 40
162 37
163 43
164 48
165 87
166 49
167 52
168 49
169 41
170 51
171 60
172 51
173 37
174 48
175 34
176 57
177 45
178 38
179 44
180 53
181 48
182 47
183 45
184 45
185 44
186 42
187 47
188 49
189 40
190 42
191 57
192 43
193 40
194 56
195 50
196 50
197 51
198 42
199 36
200 55
201 50
202 60
203 49
204 44
205 52
206 46
207 51
208 32
209 47
210 41
211 50
212 46
213 47
214 45
215 45
216 51
217 50
218 57
219 60
220 52
221 57
222 44
223 54
224 57
225 52
226 48
227 39
228 60
229 44
230 45
231 46
232 68
233 68
234 68
235 51
236 60
237 68
238 70
239 62
240 76
241 62
242 60
243 47
244 42
245 71
246 52
247 52
248 58
249 60
250 60
251 68
252 48
253 67
254 50
255 42
256 50
257 54
258 56
259 60
260 50
261 54
262 52
263 56
264 64
265 64
266 67
267 62
268 58
269 50
270 50
271 63
272 62
273 61
274 53
275 58
276 57
277 52
278 50
279 81
280 56
281 74
282 48
283 74
284 65
285 61
286 57
287 82
288 64
289 60
290 48
291 63
292 67
293 43
294 56
295 63
296 74
297 94
298 66
299 71
300 78
1 0
2 1
3 3
4 5
5 5
6 4
7 4
8 4
9 2
10 2
11 4
12 3
13 4
14 4
15 2
16 5
17 3
18 3
19 2
20 1
21 3
22 4
23 2
24 3
25 3
26 2
27 4
28 3
29 3
30 4
31 3
32 5
33 4
34 2
35 5
36 1
37 2
38 3
39 3
40 2
41 3
42 3
43 2
44 2
45 3
46 3
47 2
48 4
49 8
50 3
51 4
52 4
53 3
54 3
55 2
56 1
57 3
58 5
59 3
60 3
61 3
62 5
63 2
64 3
65 3
66 4
67 3
68 4
69 3
70 6
71 6
72 2
73 3
74 4
75 7
76 8
77 8
78 6
79 7
80 11
81 8
82 7
83 11
84 6
85 24
86 37
87 22
88 46
89 43
90 44
91 32
92 24
93 54
94 47
95 44
96 48
97 42
98 57
99 51
100 35
101 41
102 43
103 30
104 27
105 45
106 43
107 33
108 32
109 51
110 43
111 35
112 43
113 30
114 36
115 52
116 55
117 30
118 52
119 51
120 45
121 57
122 31
123 44
124 32
125 45
126 41
127 49
128 36
129 62
130 54
131 45
132 41
133 39
134 44
135 53
136 42
137 44
138 37
139 42
140 43
141 57
142 50
143 38
144 44
145 49
146 52
147 32
148 38
149 40
150 44
151 54
152 43
153 44
154 55
155 48
156 48
157 44
158 44
159 27
160 45
161 40
162 38
163 44
164 47
165 32
166 61
167 33
168 31
169 49
170 54
171 31
172 42
173 46
174 57
175 43
176 43
177 47
178 48
179 40
180 53
181 43
182 42
183 35
184 25
185 39
186 48
187 37
188 35
189 32
190 46
191 42
192 46
193 29
194 47
195 37
196 44
197 42
198 41
199 40
200 36
201 48
202 43
203 38
204 62
205 55
206 62
207 60
208 66
209 47
210 62
211 54
212 44
213 46
214 69
215 58
216 53
217 60
218 55
219 68
220 61
221 50
222 53
223 40
224 38
225 53
226 74
227 72
228 85
229 79
230 74
231 72
232 68
233 82
234 62
235 84
236 57
237 60
238 68
239 69
240 58
241 62
242 71
243 30
244 86
245 75
246 71
247 67
248 84
249 66
250 72
251 57
252 65
253 70
254 48
255 51
256 74
257 57
258 64
259 45
260 65
261 58
262 60
263 69
264 61
265 83
266 64
267 70
268 40
269 45
270 76
271 52
272 71
273 75
274 72
275 69
276 74
277 68
278 71
279 72
280 61
281 75
282 68
283 75
284 75
285 77
286 80
287 67
288 56
289 63
290 73
291 50
292 74
293 79
294 51
295 74
296 60
297 87
298 60
299 76
300 65
1 0
2 1
3 3
4 2
5 2
6 2
7 3
8 10
9 12
10 12
11 11
12 16
13 10
14 8
15 11
16 11
17 13
18 14
19 13
20 15
21 16
22 11
23 12
24 11
25 11
26 11
27 15
28 18
29 15
30 14
31 14
32 14
33 14
34 21
35 20
36 18
37 12
38 14
39 20
40 16
41 17
42 12
43 20
44 17
45 14
46 20
47 18
48 15
49 14
50 16
51 16
52 12
53 16
54 15
55 14
56 10
57 15
58 14
59 12
60 10
61 15
62 13
63 12
64 11
65 14
66 14
67 12
68 12
69 15
70 14
71 10
72 14
73 10
74 14
75 15
76 15
77 12
78 13
79 13
80 12
81 12
82 9
83 7
84 13
85 8
86 12
87 14
88 13
89 15
90 16
91 14
92 17
93 14
94 13
95 19
96 13
97 9
98 11
99 10
100 14
101 12
102 9
103 16
104 15
105 11
106 16
107 11
108 14
109 15
110 11
111 10
112 12
113 13
114 11
115 13
116 10
117 15
118 11
119 10
120 13
121 13
122 12
123 10
124 12
125 12
126 8
127 10
128 13
129 13
130 10
131 18
132 14
133 16
134 14
135 10
136 16
137 18
138 13
139 37
140 33
141 48
142 46
143 34
144 41
145 44
146 53
147 52
148 52
149 39
150 41
151 48
152 64
153 48
154 49
155 56
156 53
157 56
158 50
159 49
160 60
161 58
162 57
163 48
164 52
165 61
166 48
167 60
168 46
169 51
170 59
171 54
172 51
173 50
174 54
175 48
176 54
177 45
178 60
179 58
180 40
181 51
182 45
183 51
184 51
185 60
186 58
187 44
188 79
189 58
190 51
191 54
192 48
193 67
194 63
195 62
196 68
197 73
198 63
199 53
200 53
201 53
202 53
203 63
204 71
205 76
206 71
207 57
208 62
209 67
210 78
211 46
212 46
213 59
214 44
215 45
216 61
217 55
218 51
219 56
220 44
221 56
222 50
223 54
224 55
225 52
226 61
227 57
228 57
229 100
230 70
231 66
232 72
233 54
234 51
235 60
236 63
237 91
238 64
239 68
240 65
241 70
242 65
243 70
244 60
245 56
246 70
247 68
248 70
249 68
250 75
251 75
252 66
253 69
254 74
255 67
256 78
257 70
258 65
259 75
260 59
261 74
262 76
263 69
264 58
265 71
266 49
267 85
268 75
269 76
270 62
271 69
272 71
273 55
274 74
275 67
276 46
277 64
278 78
279 73
280 63
281 66
282 49
283 71
284 60
285 61
286 57
287 71
288 65
289 67
290 62
291 59
292 76
293 59
294 55
295 47
296 72
297 77
298 75
299 81
300 70
1 1
2 1
3 1
4 1
5 9
6 6
7 7
8 6
9 12
10 24
11 10
12 26
13 25
14 32
15 40
16 24
17 37
18 41
19 33
20 49
21 42
22 43
23 37
24 39
25 40
26 41
27 47
28 42
29 42
30 49
31 47
32 41
33 49
34 45
35 42
36 44
37 49
38 40
39 42
40 49
41 45
42 51
43 46
44 44
45 44
46 48
47 50
48 52
49 64
50 71
51 47
52 57
53 36
54 75
55 55
56 51
57 61
58 50
59 53
60 54
61 55
62 58
63 46
64 56
65 67
66 56
67 54
68 57
69 45
70 53
71 59
72 57
73 67
74 50
75 46
76 61
77 45
78 50
79 47
80 62
81 54
82 56
83 50
84 44
85 57
86 50
87 49
88 58
89 41
90 50
91 57
92 43
93 41
94 45
95 49
96 52
97 41
98 50
99 50
100 46
101 50
102 49
103 53
104 57
105 52
106 53
107 47
108 50
109 59
110 67
111 41
112 49
113 50
114 66
115 49
116 44
117 48
118 48
119 44
120 54
121 55
122 47
123 48
124 53
125 54
126 52
127 48
128 53
129 48
130 47
131 47
132 49
133 30
134 53
135 51
136 42
137 51
138 49
139 48
140 56
141 58
142 51
143 42
144 56
145 51
146 63
147 48
148 53
149 49
150 45
151 52
152 50
153 45
154 53
155 46
156 47
157 44
158 43
159 45
160 50
161 40
162 41
163 44
164 44
165 43
166 54
167 44
168 48
169 50
170 51
171 43
172 52
173 46
174 51
175 42
176 52
177 48
178 46
179 55
180 51
181 44
182 56
183 60
184 64
185 77
186 74
187 79
188 39
189 50
190 68
191 77
192 76
193 65
194 65
195 59
196 63
197 67
198 58
199 63
200 62
201 77
202 64
203 62
204 43
205 84
206 67
207 63
208 84
209 70
210 79
211 64
212 62
213 63
214 50
215 56
216 56
217 55
218 71
219 82
220 67
221 57
222 55
223 46
224 55
225 52
226 62
227 75
228 62
229 54
230 42
231 59
232 70
233 58
234 45
235 40
236 66
237 66
238 73
239 63
240 54
241 64
242 60
243 55
244 59
245 52
246 69
247 66
248 53
249 70
250 78
251 76
252 55
253 73
254 74
255 70
256 66
257 62
258 72
259 53
260 57
261 64
262 63
263 84
264 72
265 60
266 67
267 58
268 56
269 58
270 62
271 74
272 60
273 59
274 65
275 53
276 40
277 49
278 25
279 30
280 53
281 46
282 55
283 57
284 49
285 57
286 53
287 48
288 42
289 61
290 62
291 85
292 60
293 74
294 54
295 70
296 64
297 17
298 39
299 58
300 45
