1 1
2 1
3 2
4 1
5 2
6 5
7 6
8 3
9 3
10 6
11 9
12 8
13 10
14 11
15 16
16 12
17 14
18 12
19 14
20 18
21 11
22 16
23 9
24 7
25 7
26 11
27 7
28 13
29 10
30 10
31 6
32 12
33 10
34 10
35 7
36 10
37 11
38 9
39 11
40 9
41 17
42 8
43 9
44 10
45 15
46 9
47 8
48 8
49 15
50 8
51 11
52 8
53 19
54 12
55 8
56 11
57 15
58 17
59 10
60 9
61 9
62 9
63 15
64 19
65 12
66 18
67 11
68 7
69 8
70 6
71 10
72 11
73 14
74 15
75 12
76 9
77 12
78 10
79 12
80 9
81 10
82 10
83 12
84 13
85 12
86 10
87 11
88 8
89 13
90 16
91 12
92 23
93 16
94 15
95 16
96 18
97 14
98 13
99 17
100 14
101 18
102 12
103 14
104 17
105 13
106 11
107 13
108 16
109 13
110 15
111 17
112 12
113 19
114 12
115 13
116 11
117 13
118 15
119 14
120 16
121 13
122 17
123 14
124 18
125 14
126 27
127 13
128 15
129 15
130 17
131 17
132 14
133 10
134 27
135 17
136 12
137 24
138 20
139 21
140 17
141 30
142 32
143 47
144 41
145 41
146 41
147 53
148 43
149 47
150 50
1 1
2 1
3 0
4 1
5 0
6 1
7 1
8 1
9 1
10 0
11 1
12 0
13 1
14 1
15 1
16 1
17 1
18 0
19 0
20 1
21 1
22 1
23 1
24 2
25 2
26 2
27 2
28 3
29 2
30 4
31 3
32 3
33 3
34 7
35 8
36 10
37 12
38 11
39 9
40 10
41 9
42 9
43 12
44 10
45 9
46 8
47 6
48 8
49 7
50 11
51 17
52 10
53 9
54 11
55 15
56 11
57 13
58 15
59 15
60 16
61 11
62 17
63 13
64 13
65 11
66 11
67 15
68 14
69 13
70 11
71 10
72 11
73 9
74 19
75 13
76 14
77 13
78 16
79 16
80 19
81 19
82 11
83 13
84 16
85 12
86 16
87 16
88 17
89 12
90 8
91 10
92 10
93 10
94 15
95 14
96 26
97 26
98 20
99 20
100 14
101 23
102 14
103 13
104 15
105 11
106 20
107 17
108 21
109 38
110 19
111 27
112 38
113 42
114 41
115 45
116 61
117 54
118 77
119 70
120 52
121 58
122 44
123 51
124 42
125 58
126 56
127 59
128 65
129 44
130 55
131 43
132 77
133 91
134 56
135 69
136 68
137 44
138 71
139 51
140 55
141 70
142 55
143 65
144 56
145 50
146 75
147 59
148 63
149 64
150 55
1 1
2 1
3 1
4 0
5 1
6 1
7 0
8 0
9 0
10 1
11 1
12 1
13 0
14 0
15 1
16 0
17 1
18 1
19 1
20 1
21 1
22 1
23 6
24 3
25 4
26 10
27 14
28 10
29 6
30 3
31 10
32 5
33 14
34 7
35 12
36 7
37 15
38 11
39 7
40 11
41 15
42 7
43 11
44 7
45 5
46 14
47 8
48 10
49 9
50 8
51 13
52 15
53 14
54 13
55 13
56 16
57 14
58 16
59 12
60 11
61 15
62 13
63 13
64 14
65 17
66 11
67 10
68 14
69 11
70 11
71 11
72 11
73 11
74 12
75 14
76 7
77 10
78 11
79 13
80 13
81 10
82 16
83 13
84 11
85 19
86 10
87 14
88 19
89 12
90 12
91 15
92 11
93 12
94 10
95 9
96 9
97 14
98 10
99 14
100 11
101 15
102 11
103 13
104 14
105 12
106 13
107 9
108 12
109 11
110 11
111 13
112 13
113 15
114 10
115 19
116 27
117 29
118 29
119 49
120 55
121 58
122 48
123 72
124 45
125 59
126 39
127 50
128 51
129 45
130 43
131 56
132 80
133 41
134 45
135 49
136 52
137 54
138 78
139 60
140 60
141 80
142 74
143 67
144 65
145 72
146 80
147 72
148 70
149 64
150 68
1 1
2 1
3 2
4 1
5 6
6 5
7 6
8 9
9 7
10 13
11 13
12 14
13 12
14 12
15 12
16 12
17 15
18 14
19 12
20 11
21 13
22 9
23 15
24 14
25 13
26 18
27 10
28 15
29 13
30 12
31 12
32 9
33 10
34 14
35 12
36 12
37 12
38 13
39 13
40 13
41 17
42 12
43 10
44 27
45 18
46 33
47 29
48 34
49 36
50 41
51 27
52 29
53 29
54 27
55 33
56 29
57 30
58 30
59 35
60 51
61 40
62 25
63 31
64 35
65 42
66 44
67 41
68 50
69 56
70 63
71 61
72 69
73 63
74 55
75 46
76 43
77 46
78 47
79 51
80 47
81 49
82 49
83 45
84 56
85 59
86 52
87 53
88 45
89 51
90 35
91 56
92 53
93 42
94 45
95 45
96 42
97 45
98 44
99 58
100 55
101 55
102 45
103 46
104 47
105 40
106 55
107 44
108 55
109 43
110 51
111 58
112 46
113 53
114 56
115 54
116 51
117 61
118 56
119 47
120 68
121 71
122 60
123 54
124 56
125 66
126 61
127 55
128 53
129 59
130 50
131 53
132 54
133 56
134 70
135 55
136 54
137 50
138 53
139 64
140 43
141 35
142 46
143 55
144 51
145 55
146 90
147 70
148 65
149 65
150 72
1 1
2 4
3 4
4 2
5 2
6 4
7 9
8 6
9 6
10 11
11 11
12 14
13 14
14 9
15 11
16 8
17 13
18 9
19 12
20 11
21 13
22 11
23 12
24 8
25 12
26 10
27 11
28 12
29 12
30 9
31 12
32 13
33 11
34 13
35 12
36 11
37 14
38 13
39 16
40 15
41 15
42 10
43 13
44 13
45 17
46 12
47 11
48 8
49 13
50 12
51 14
52 9
53 13
54 13
55 13
56 14
57 12
58 15
59 10
60 10
61 12
62 14
63 14
64 12
65 12
66 12
67 10
68 13
69 14
70 14
71 7
72 10
73 13
74 16
75 12
76 13
77 11
78 14
79 14
80 13
81 10
82 16
83 15
84 16
85 18
86 12
87 15
88 13
89 17
90 16
91 17
92 12
93 14
94 12
95 9
96 15
97 11
98 14
99 10
100 11
101 9
102 13
103 13
104 17
105 11
106 16
107 15
108 12
109 13
110 12
111 11
112 13
113 11
114 10
115 11
116 12
117 14
118 12
119 17
120 11
121 13
122 10
123 13
124 10
125 15
126 13
127 11
128 11
129 11
130 9
131 18
132 14
133 12
134 15
135 20
136 10
137 13
138 14
139 15
140 14
141 12
142 12
143 16
144 16
145 13
146 15
147 14
148 13
149 23
150 13
1 2
2 0
3 1
4 1
5 1
6 0
7 1
8 2
9 1
10 0
11 0
12 1
13 1
14 1
15 1
16 3
17 3
18 2
19 1
20 2
21 2
22 2
23 3
24 2
25 1
26 2
27 1
28 2
29 3
30 2
31 2
32 3
33 2
34 4
35 5
36 3
37 5
38 9
39 11
40 10
41 7
42 7
43 14
44 9
45 7
46 7
47 9
48 9
49 7
50 9
51 13
52 9
53 11
54 11
55 17
56 11
57 10
58 9
59 9
60 14
61 12
62 15
63 9
64 13
65 13
66 13
67 17
68 18
69 15
70 12
71 13
72 11
73 14
74 16
75 11
76 15
77 19
78 15
79 12
80 11
81 17
82 11
83 15
84 19
85 17
86 19
87 18
88 15
89 15
90 13
91 24
92 16
93 17
94 14
95 14
96 28
97 36
98 27
99 19
100 28
101 46
102 21
103 30
104 35
105 47
106 43
107 52
108 35
109 42
110 27
111 43
112 59
113 38
114 36
115 35
116 39
117 47
118 56
119 54
120 51
121 53
122 61
123 42
124 35
125 49
126 66
127 45
128 41
129 46
130 51
131 52
132 45
133 41
134 39
135 17
136 35
137 39
138 44
139 40
140 46
141 43
142 50
143 51
144 52
145 49
146 37
147 45
148 41
149 39
150 53
1 1
2 1
3 2
4 1
5 2
6 2
7 1
8 2
9 1
10 2
11 2
12 3
13 3
14 9
15 4
16 3
17 4
18 4
19 3
20 3
21 4
22 4
23 3
24 6
25 2
26 5
27 3
28 2
29 3
30 2
31 3
32 2
33 3
34 3
35 3
36 5
37 5
38 4
39 3
40 2
41 3
42 3
43 4
44 2
45 4
46 9
47 6
48 15
49 10
50 13
51 11
52 10
53 12
54 11
55 10
56 13
57 12
58 14
59 14
60 13
61 16
62 15
63 12
64 12
65 13
66 12
67 15
68 10
69 10
70 10
71 16
72 12
73 14
74 9
75 13
76 16
77 12
78 13
79 17
80 10
81 10
82 12
83 22
84 11
85 16
86 14
87 16
88 13
89 18
90 10
91 12
92 12
93 13
94 12
95 13
96 12
97 10
98 14
99 13
100 16
101 14
102 9
103 11
104 11
105 13
106 12
107 16
108 13
109 11
110 15
111 13
112 16
113 12
114 13
115 9
116 17
117 14
118 11
119 15
120 13
121 18
122 10
123 15
124 13
125 15
126 15
127 13
128 15
129 15
130 12
131 13
132 12
133 15
134 12
135 14
136 14
137 15
138 14
139 13
140 15
141 13
142 11
143 13
144 16
145 16
146 11
147 16
148 11
149 17
150 15
1 1
2 3
3 9
4 4
5 4
6 2
7 4
8 9
9 16
10 10
11 12
12 9
13 19
14 9
15 10
16 14
17 11
18 14
19 17
20 13
21 15
22 10
23 11
24 12
25 13
26 11
27 12
28 15
29 14
30 15
31 13
32 15
33 13
34 16
35 16
36 14
37 13
38 14
39 17
40 18
41 13
42 14
43 15
44 26
45 13
46 15
47 13
48 14
49 15
50 19
51 20
52 15
53 21
54 15
55 16
56 15
57 16
58 13
59 12
60 14
61 18
62 15
63 18
64 13
65 17
66 18
67 19
68 26
69 22
70 15
71 23
72 15
73 23
74 16
75 16
76 16
77 18
78 24
79 21
80 30
81 28
82 29
83 48
84 30
85 26
86 41
87 36
88 30
89 38
90 35
91 28
92 39
93 43
94 61
95 44
96 47
97 46
98 53
99 40
100 45
101 49
102 50
103 50
104 40
105 46
106 45
107 53
108 53
109 48
110 50
111 55
112 48
113 44
114 54
115 50
116 42
117 45
118 53
119 47
120 44
121 44
122 43
123 59
124 64
125 45
126 56
127 36
128 56
129 41
130 43
131 42
132 51
133 53
134 59
135 43
136 53
137 48
138 49
139 50
140 42
141 40
142 48
143 65
144 47
145 41
146 44
147 51
148 54
149 48
150 49
1 1
2 2
3 4
4 3
5 2
6 3
7 4
8 4
9 4
10 2
11 4
12 3
13 4
14 3
15 2
16 2
17 4
18 4
19 2
20 1
21 4
22 3
23 6
24 10
25 15
26 14
27 13
28 14
29 12
30 13
31 14
32 14
33 12
34 14
35 11
36 12
37 13
38 17
39 14
40 11
41 11
42 16
43 9
44 13
45 10
46 9
47 9
48 13
49 12
50 12
51 8
52 8
53 14
54 12
55 13
56 11
57 7
58 8
59 12
60 10
61 14
62 13
63 14
64 13
65 9
66 13
67 13
68 11
69 12
70 10
71 9
72 12
73 11
74 11
75 7
76 12
77 14
78 15
79 13
80 11
81 12
82 13
83 13
84 13
85 11
86 12
87 14
88 15
89 9
90 13
91 12
92 13
93 9
94 16
95 11
96 13
97 13
98 14
99 12
100 16
101 12
102 15
103 8
104 10
105 15
106 15
107 13
108 13
109 10
110 15
111 9
112 15
113 12
114 15
115 10
116 12
117 13
118 13
119 14
120 10
121 11
122 10
123 12
124 11
125 12
126 10
127 9
128 13
129 15
130 13
131 16
132 10
133 18
134 10
135 10
136 12
137 13
138 12
139 12
140 17
141 14
142 15
143 18
144 12
145 13
146 12
147 12
148 13
149 12
150 11
1 1
2 1
3 2
4 2
5 3
6 2
7 2
8 3
9 2
10 2
11 6
12 6
13 2
14 4
15 6
16 2
17 2
18 4
19 4
20 2
21 2
22 4
23 3
24 2
25 4
26 2
27 4
28 2
29 5
30 3
31 3
32 4
33 2
34 6
35 3
36 3
37 2
38 2
39 4
40 6
41 5
42 4
43 4
44 4
45 5
46 5
47 5
48 3
49 4
50 7
51 4
52 4
53 6
54 4
55 3
56 2
57 3
58 3
59 3
60 4
61 2
62 2
63 8
64 3
65 14
66 9
67 14
68 9
69 12
70 17
71 17
72 16
73 14
74 14
75 11
76 10
77 15
78 14
79 10
80 12
81 8
82 11
83 9
84 16
85 13
86 13
87 12
88 13
89 11
90 12
91 13
92 9
93 16
94 9
95 12
96 11
97 11
98 11
99 14
100 13
101 13
102 11
103 11
104 15
105 12
106 15
107 10
108 16
109 10
110 12
111 17
112 8
113 16
114 11
115 13
116 18
117 14
118 14
119 17
120 13
121 14
122 14
123 12
124 9
125 12
126 10
127 12
128 11
129 13
130 14
131 15
132 15
133 14
134 11
135 14
136 15
137 14
138 12
139 13
140 18
141 13
142 16
143 14
144 19
145 18
146 13
147 21
148 11
149 18
150 18
1 1
2 1
3 0
4 1
5 1
6 1
7 1
8 1
9 1
10 0
11 1
12 1
13 1
14 1
15 1
16 1
17 0
18 1
19 1
20 0
21 1
22 0
23 1
24 1
25 0
26 1
27 0
28 0
29 1
30 1
31 1
32 1
33 0
34 1
35 0
36 1
37 0
38 0
39 0
40 1
41 0
42 1
43 1
44 1
45 1
46 0
47 1
48 1
49 1
50 1
51 1
52 1
53 1
54 1
55 1
56 1
57 0
58 1
59 0
60 0
61 1
62 1
63 0
64 1
65 1
66 1
67 1
68 1
69 0
70 1
71 1
72 2
73 1
74 2
75 1
76 1
77 1
78 1
79 2
80 1
81 2
82 1
83 3
84 6
85 19
86 15
87 12
88 12
89 14
90 11
91 14
92 15
93 12
94 15
95 10
96 15
97 11
98 12
99 15
100 14
101 13
102 15
103 20
104 15
105 28
106 10
107 21
108 20
109 19
110 14
111 16
112 20
113 12
114 15
115 13
116 18
117 18
118 15
119 15
120 11
121 20
122 19
123 16
124 17
125 17
126 20
127 18
128 30
129 16
130 26
131 17
132 17
133 17
134 27
135 37
136 36
137 57
138 36
139 44
140 79
141 35
142 42
143 50
144 48
145 51
146 39
147 30
148 42
149 23
150 47
1 1
2 1
3 1
4 1
5 1
6 4
7 18
8 17
9 27
10 29
11 32
12 41
13 30
14 60
15 39
16 52
17 51
18 45
19 44
20 45
21 56
22 38
23 43
24 56
25 50
26 46
27 48
28 47
29 51
30 53
31 57
32 44
33 41
34 51
35 52
36 44
37 45
38 54
39 45
40 50
41 44
42 50
43 51
44 49
45 42
46 48
47 34
48 41
49 42
50 33
51 47
52 44
53 41
54 46
55 45
56 38
57 49
58 50
59 41
60 54
61 46
62 48
63 44
64 44
65 40
66 52
67 48
68 56
69 45
70 36
71 44
72 61
73 58
74 49
75 54
76 62
77 56
78 61
79 43
80 47
81 58
82 53
83 61
84 55
85 73
86 69
87 50
88 61
89 64
90 46
91 57
92 47
93 57
94 44
95 49
96 52
97 56
98 51
99 63
100 65
101 61
102 59
103 52
104 42
105 51
106 81
107 45
108 53
109 54
110 52
111 54
112 47
113 50
114 43
115 53
116 53
117 49
118 41
119 64
120 52
121 57
122 54
123 54
124 53
125 52
126 53
127 49
128 55
129 54
130 49
131 39
132 41
133 44
134 45
135 48
136 48
137 48
138 47
139 60
140 42
141 59
142 50
143 49
144 47
145 44
146 53
147 50
148 47
149 46
150 44
1 1
2 4
3 10
4 11
5 12
6 9
7 12
8 13
9 13
10 10
11 13
12 10
13 16
14 19
15 14
16 21
17 37
18 23
19 39
20 37
21 42
22 44
23 46
24 43
25 60
26 53
27 37
28 45
29 46
30 56
31 38
32 34
33 37
34 51
35 39
36 59
37 47
38 52
39 40
40 41
41 29
42 56
43 35
44 44
45 57
46 50
47 46
48 45
49 48
50 48
51 49
52 48
53 54
54 43
55 53
56 48
57 41
58 47
59 56
60 69
61 52
62 63
63 50
64 34
65 43
66 51
67 42
68 46
69 46
70 64
71 66
72 65
73 62
74 68
75 62
76 54
77 58
78 67
79 66
80 71
81 49
82 31
83 39
84 46
85 32
86 52
87 40
88 48
89 52
90 48
91 48
92 52
93 51
94 47
95 61
96 53
97 54
98 47
99 43
100 57
101 46
102 44
103 64
104 45
105 33
106 60
107 38
108 51
109 48
110 53
111 49
112 54
113 41
114 32
115 49
116 49
117 41
118 58
119 45
120 51
121 40
122 48
123 43
124 45
125 58
126 45
127 43
128 71
129 65
130 46
131 52
132 53
133 54
134 58
135 53
136 42
137 43
138 58
139 45
140 41
141 32
142 42
143 40
144 46
145 50
146 38
147 37
148 44
149 52
150 59
1 1
2 1
3 1
4 1
5 1
6 1
7 2
8 4
9 2
10 2
11 2
12 3
13 1
14 4
15 2
16 4
17 1
18 2
19 8
20 2
21 3
22 5
23 2
24 3
25 2
26 4
27 5
28 3
29 3
30 3
31 3
32 7
33 2
34 3
35 5
36 7
37 7
38 7
39 8
40 9
41 14
42 8
43 10
44 6
45 9
46 7
47 10
48 12
49 17
50 13
51 15
52 11
53 12
54 15
55 9
56 15
57 13
58 16
59 9
60 13
61 9
62 11
63 13
64 15
65 14
66 13
67 13
68 14
69 11
70 9
71 10
72 12
73 14
74 12
75 17
76 14
77 13
78 12
79 9
80 14
81 16
82 13
83 14
84 16
85 13
86 15
87 25
88 17
89 17
90 22
91 24
92 34
93 27
94 16
95 27
96 19
97 24
98 26
99 30
100 30
101 36
102 30
103 34
104 33
105 50
106 55
107 49
108 52
109 47
110 60
111 45
112 56
113 66
114 58
115 54
116 49
117 52
118 46
119 54
120 50
121 57
122 57
123 55
124 56
125 51
126 53
127 48
128 56
129 55
130 43
131 49
132 44
133 58
134 50
135 50
136 48
137 59
138 53
139 58
140 43
141 65
142 72
143 65
144 69
145 66
146 78
147 76
148 65
149 60
150 77
1 2
2 1
3 1
4 2
5 10
6 9
7 9
8 13
9 15
10 14
11 10
12 15
13 10
14 10
15 16
16 12
17 11
18 16
19 12
20 13
21 14
22 12
23 10
24 12
25 11
26 14
27 16
28 11
29 10
30 13
31 10
32 12
33 15
34 18
35 26
36 20
37 28
38 35
39 29
40 23
41 25
42 27
43 26
44 23
45 30
46 42
47 48
48 48
49 42
50 66
51 62
52 43
53 62
54 50
55 65
56 69
57 42
58 63
59 50
60 74
61 49
62 61
63 58
64 73
65 41
66 60
67 88
68 65
69 58
70 81
71 63
72 88
73 52
74 60
75 74
76 69
77 64
78 71
79 77
80 54
81 63
82 60
83 67
84 64
85 46
86 51
87 52
88 50
89 56
90 51
91 47
92 46
93 47
94 51
95 52
96 43
97 44
98 43
99 50
100 61
101 46
102 49
103 47
104 45
105 43
106 57
107 53
108 51
109 47
110 60
111 51
112 47
113 49
114 54
115 46
116 50
117 46
118 45
119 60
120 49
121 55
122 45
123 59
124 54
125 57
126 47
127 54
128 56
129 54
130 57
131 49
132 46
133 52
134 69
135 55
136 44
137 40
138 49
139 70
140 63
141 66
142 60
143 60
144 48
145 56
146 47
147 52
148 50
149 46
150 52
1 1
2 1
3 0
4 1
5 4
6 12
7 12
8 13
9 8
10 13
11 15
12 11
13 31
14 27
15 24
16 36
17 45
18 38
19 36
20 41
21 36
22 17
23 38
24 41
25 53
26 31
27 37
28 41
29 40
30 41
31 32
32 37
33 35
34 45
35 31
36 38
37 33
38 37
39 45
40 32
41 36
42 38
43 52
44 50
45 43
46 45
47 45
48 56
49 52
50 49
51 46
52 54
53 50
54 51
55 50
56 42
57 43
58 47
59 51
60 52
61 52
62 53
63 49
64 52
65 46
66 51
67 52
68 55
69 54
70 46
71 51
72 49
73 44
74 51
75 54
76 55
77 34
78 45
79 39
80 49
81 47
82 48
83 47
84 44
85 45
86 47
87 52
88 43
89 52
90 46
91 46
92 42
93 45
94 52
95 53
96 43
97 54
98 53
99 54
100 50
101 49
102 43
103 49
104 46
105 44
106 36
107 40
108 53
109 51
110 50
111 46
112 53
113 46
114 49
115 49
116 51
117 59
118 55
119 53
120 50
121 53
122 51
123 51
124 55
125 57
126 53
127 51
128 56
129 40
130 59
131 53
132 49
133 53
134 52
135 57
136 56
137 57
138 57
139 39
140 42
141 49
142 46
143 53
144 61
145 50
146 55
147 59
148 49
149 45
150 55
1 1
2 1
3 1
4 1
5 2
6 2
7 3
8 6
9 4
10 5
11 9
12 11
13 11
14 11
15 8
16 11
17 10
18 12
19 8
20 11
21 13
22 15
23 13
24 13
25 11
26 10
27 8
28 15
29 11
30 11
31 15
32 16
33 9
34 10
35 10
36 8
37 12
38 13
39 11
40 11
41 12
42 9
43 10
44 14
45 16
46 16
47 12
48 15
49 10
50 10
51 13
52 18
53 10
54 10
55 12
56 11
57 11
58 16
59 10
60 16
61 11
62 12
63 12
64 10
65 14
66 12
67 14
68 13
69 15
70 11
71 11
72 10
73 12
74 12
75 12
76 12
77 15
78 10
79 11
80 10
81 12
82 11
83 10
84 9
85 13
86 14
87 15
88 12
89 19
90 15
91 12
92 10
93 13
94 16
95 14
96 13
97 12
98 12
99 13
100 15
101 9
102 13
103 14
104 13
105 13
106 14
107 16
108 12
109 12
110 15
111 14
112 9
113 12
114 13
115 14
116 10
117 10
118 10
119 12
120 11
121 17
122 15
123 17
124 12
125 13
126 9
127 9
128 10
129 13
130 13
131 13
132 10
133 13
134 8
135 12
136 13
137 10
138 15
139 8
140 18
141 11
142 14
143 19
144 11
145 10
146 14
147 9
148 7
149 14
150 15
1 0
2 1
3 2
4 9
5 12
6 13
7 10
8 12
9 12
10 9
11 11
12 14
13 11
14 8
15 13
16 15
17 14
18 10
19 12
20 12
21 12
22 11
23 12
24 12
25 9
26 13
27 13
28 11
29 12
30 9
31 12
32 10
33 9
34 13
35 15
36 10
37 12
38 10
39 9
40 10
41 9
42 12
43 11
44 11
45 12
46 14
47 10
48 12
49 13
50 15
51 17
52 11
53 8
54 13
55 14
56 14
57 10
58 13
59 14
60 10
61 13
62 15
63 12
64 15
65 14
66 16
67 9
68 19
69 10
70 16
71 11
72 12
73 15
74 9
75 12
76 15
77 10
78 10
79 12
80 16
81 13
82 10
83 16
84 9
85 11
86 13
87 14
88 13
89 10
90 9
91 15
92 13
93 12
94 11
95 11
96 10
97 14
98 19
99 15
100 12
101 10
102 11
103 13
104 14
105 11
106 14
107 10
108 14
109 12
110 14
111 13
112 13
113 9
114 12
115 11
116 8
117 11
118 11
119 12
120 15
121 16
122 12
123 15
124 13
125 13
126 10
127 13
128 9
129 13
130 12
131 16
132 12
133 9
134 12
135 13
136 13
137 11
138 12
139 15
140 12
141 10
142 13
143 18
144 12
145 15
146 13
147 14
148 11
149 13
150 13
1 1
2 1
3 3
4 10
5 11
6 11
7 17
8 11
9 12
10 11
11 11
12 18
13 12
14 14
15 14
16 12
17 15
18 12
19 14
20 12
21 12
22 18
23 11
24 13
25 15
26 9
27 14
28 11
29 17
30 18
31 18
32 19
33 17
34 18
35 12
36 14
37 16
38 16
39 17
40 18
41 11
42 16
43 17
44 15
45 12
46 11
47 11
48 14
49 12
50 12
51 11
52 13
53 12
54 15
55 11
56 13
57 14
58 9
59 17
60 12
61 11
62 11
63 10
64 12
65 10
66 9
67 10
68 13
69 15
70 10
71 11
72 13
73 13
74 17
75 14
76 12
77 14
78 14
79 12
80 18
81 18
82 17
83 22
84 15
85 16
86 24
87 15
88 17
89 24
90 19
91 18
92 18
93 19
94 29
95 30
96 35
97 31
98 27
99 24
100 47
101 39
102 50
103 36
104 45
105 40
106 49
107 34
108 42
109 43
110 38
111 49
112 47
113 45
114 53
115 44
116 64
117 44
118 47
119 41
120 44
121 56
122 48
123 50
124 45
125 39
126 44
127 52
128 39
129 43
130 42
131 45
132 43
133 48
134 47
135 50
136 47
137 45
138 44
139 53
140 41
141 39
142 42
143 41
144 57
145 48
146 52
147 46
148 50
149 45
150 51
1 1
2 1
3 3
4 1
5 2
6 4
7 4
8 5
9 5
10 5
11 6
12 9
13 18
14 8
15 11
16 12
17 11
18 7
19 10
20 5
21 7
22 7
23 5
24 4
25 4
26 10
27 18
28 8
29 13
30 17
31 10
32 15
33 9
34 11
35 10
36 11
37 14
38 19
39 14
40 15
41 18
42 17
43 13
44 16
45 20
46 12
47 14
48 13
49 14
50 14
51 10
52 13
53 11
54 15
55 13
56 10
57 13
58 17
59 10
60 13
61 18
62 17
63 15
64 17
65 14
66 15
67 19
68 13
69 17
70 17
71 19
72 15
73 9
74 14
75 17
76 14
77 12
78 15
79 13
80 20
81 24
82 17
83 13
84 20
85 18
86 27
87 22
88 15
89 19
90 15
91 16
92 19
93 13
94 15
95 17
96 19
97 13
98 21
99 16
100 19
101 18
102 19
103 18
104 19
105 14
106 23
107 23
108 26
109 52
110 34
111 46
112 50
113 49
114 43
115 46
116 40
117 48
118 53
119 50
120 44
121 46
122 42
123 39
124 38
125 43
126 46
127 40
128 50
129 39
130 39
131 51
132 49
133 37
134 40
135 39
136 45
137 60
138 42
139 51
140 52
141 41
142 53
143 49
144 52
145 56
146 43
147 55
148 48
149 45
150 53
1 1
2 1
3 1
4 1
5 1
6 1
7 1
8 2
9 1
10 1
11 1
12 1
13 1
14 1
15 1
16 1
17 2
18 1
19 1
20 2
21 1
22 1
23 1
24 1
25 1
26 3
27 11
28 11
29 12
30 13
31 15
32 12
33 13
34 9
35 11
36 13
37 11
38 13
39 15
40 14
41 11
42 15
43 11
44 14
45 11
46 13
47 13
48 13
49 10
50 13
51 12
52 11
53 14
54 14
55 18
56 14
57 11
58 16
59 20
60 15
61 15
62 20
63 15
64 12
65 18
66 17
67 17
68 25
69 24
70 20
71 17
72 16
73 18
74 25
75 17
76 19
77 26
78 23
79 23
80 31
81 41
82 41
83 38
84 46
85 44
86 47
87 46
88 51
89 51
90 45
91 45
92 46
93 55
94 58
95 50
96 53
97 43
98 54
99 40
100 50
101 47
102 54
103 57
104 48
105 47
106 47
107 46
108 56
109 55
110 43
111 54
112 49
113 51
114 56
115 53
116 54
117 51
118 56
119 59
120 55
121 56
122 46
123 48
124 41
125 42
126 52
127 50
128 49
129 52
130 47
131 53
132 57
133 58
134 54
135 52
136 58
137 52
138 77
139 50
140 51
141 42
142 54
143 51
144 54
145 46
146 43
147 63
148 62
149 54
150 49
1 1
2 2
3 1
4 1
5 3
6 2
7 1
8 4
9 5
10 2
11 1
12 2
13 2
14 3
15 3
16 2
17 3
18 4
19 5
20 2
21 6
22 5
23 2
24 2
25 3
26 3
27 3
28 3
29 5
30 2
31 2
32 8
33 11
34 12
35 10
36 11
37 13
38 13
39 16
40 13
41 10
42 10
43 14
44 16
45 13
46 14
47 17
48 15
49 11
50 14
51 16
52 13
53 13
54 11
55 15
56 13
57 16
58 17
59 12
60 11
61 12
62 12
63 9
64 11
65 12
66 11
67 12
68 13
69 10
70 8
71 12
72 11
73 12
74 10
75 11
76 13
77 13
78 10
79 12
80 15
81 9
82 13
83 17
84 11
85 15
86 18
87 11
88 11
89 13
90 11
91 12
92 17
93 10
94 12
95 13
96 14
97 13
98 10
99 15
100 10
101 13
102 13
103 17
104 10
105 13
106 15
107 13
108 12
109 15
110 14
111 11
112 13
113 16
114 24
115 11
116 13
117 13
118 15
119 9
120 12
121 12
122 14
123 12
124 10
125 12
126 17
127 14
128 14
129 11
130 11
131 11
132 11
133 14
134 21
135 14
136 13
137 10
138 13
139 18
140 14
141 12
142 13
143 16
144 14
145 13
146 10
147 14
148 13
149 11
150 13
1 1
2 1
3 1
4 1
5 1
6 0
7 1
8 1
9 0
10 0
11 0
12 1
13 0
14 1
15 1
16 2
17 1
18 1
19 1
20 1
21 1
22 1
23 1
24 1
25 1
26 4
27 1
28 2
29 4
30 2
31 2
32 3
33 4
34 4
35 3
36 5
37 3
38 4
39 2
40 3
41 3
42 7
43 7
44 7
45 10
46 5
47 7
48 11
49 12
50 14
51 12
52 9
53 14
54 13
55 10
56 14
57 13
58 11
59 8
60 12
61 10
62 12
63 12
64 17
65 10
66 12
67 14
68 14
69 14
70 13
71 13
72 11
73 10
74 15
75 12
76 11
77 20
78 21
79 18
80 21
81 16
82 19
83 15
84 28
85 18
86 21
87 18
88 19
89 17
90 21
91 21
92 17
93 17
94 43
95 27
96 36
97 39
98 23
99 45
100 29
101 32
102 26
103 30
104 40
105 44
106 30
107 27
108 50
109 37
110 37
111 48
112 53
113 41
114 37
115 43
116 47
117 57
118 51
119 53
120 47
121 48
122 52
123 50
124 50
125 63
126 57
127 44
128 50
129 54
130 57
131 57
132 58
133 54
134 52
135 45
136 51
137 53
138 51
139 52
140 53
141 54
142 50
143 45
144 50
145 64
146 57
147 47
148 54
149 45
150 59
1 1
2 1
3 1
4 2
5 3
6 5
7 8
8 15
9 12
10 12
11 15
12 12
13 12
14 14
15 13
16 12
17 13
18 16
19 16
20 12
21 13
22 10
23 13
24 15
25 13
26 24
27 14
28 17
29 13
30 14
31 16
32 18
33 13
34 16
35 15
36 16
37 15
38 17
39 19
40 15
41 21
42 24
43 16
44 12
45 21
46 11
47 13
48 17
49 15
50 17
51 16
52 16
53 16
54 19
55 13
56 21
57 17
58 8
59 18
60 20
61 13
62 14
63 14
64 16
65 16
66 18
67 15
68 14
69 10
70 18
71 15
72 16
73 13
74 16
75 26
76 15
77 13
78 14
79 13
80 17
81 12
82 15
83 10
84 15
85 14
86 14
87 18
88 18
89 12
90 19
91 14
92 33
93 38
94 55
95 50
96 38
97 33
98 40
99 41
100 40
101 31
102 12
103 46
104 55
105 64
106 41
107 31
108 36
109 32
110 43
111 42
112 60
113 56
114 33
115 37
116 40
117 44
118 34
119 44
120 49
121 36
122 33
123 36
124 29
125 32
126 42
127 49
128 39
129 28
130 32
131 29
132 39
133 53
134 43
135 35
136 31
137 39
138 49
139 37
140 41
141 41
142 40
143 48
144 44
145 21
146 40
147 33
148 31
149 39
150 52
1 1
2 1
3 1
4 1
5 1
6 2
7 5
8 9
9 14
10 9
11 8
12 4
13 9
14 8
15 8
16 16
17 9
18 12
19 17
20 23
21 16
22 11
23 31
24 13
25 34
26 28
27 46
28 48
29 44
30 44
31 62
32 58
33 50
34 41
35 46
36 48
37 49
38 53
39 53
40 50
41 54
42 54
43 65
44 52
45 49
46 48
47 54
48 57
49 40
50 60
51 60
52 77
53 100
54 63
55 69
56 54
57 51
58 54
59 63
60 57
61 70
62 54
63 45
64 43
65 64
66 54
67 56
68 47
69 54
70 45
71 53
72 41
73 54
74 54
75 48
76 54
77 51
78 55
79 57
80 53
81 58
82 51
83 48
84 56
85 49
86 51
87 47
88 67
89 40
90 62
91 50
92 49
93 49
94 51
95 59
96 57
97 59
98 79
99 59
100 59
101 61
102 47
103 52
104 49
105 67
106 57
107 57
108 56
109 71
110 46
111 48
112 57
113 55
114 51
115 50
116 53
117 43
118 59
119 51
120 55
121 51
122 49
123 53
124 47
125 53
126 57
127 53
128 62
129 58
130 60
131 65
132 59
133 47
134 58
135 65
136 56
137 52
138 57
139 58
140 58
141 46
142 51
143 52
144 58
145 52
146 42
147 58
148 56
149 51
150 54
1 0
2 3
3 3
4 8
5 15
6 23
7 12
8 12
9 12
10 10
11 12
12 18
13 14
14 14
15 20
16 14
17 14
18 13
19 15
20 9
21 12
22 13
23 11
24 13
25 13
26 16
27 14
28 9
29 10
30 10
31 15
32 19
33 13
34 13
35 7
36 10
37 10
38 11
39 14
40 12
41 10
42 14
43 9
44 10
45 17
46 11
47 13
48 13
49 10
50 11
51 10
52 9
53 12
54 10
55 9
56 10
57 13
58 12
59 17
60 9
61 19
62 16
63 14
64 22
65 53
66 59
67 50
68 57
69 61
70 67
71 67
72 72
73 56
74 75
75 79
76 51
77 58
78 78
79 50
80 69
81 86
82 79
83 63
84 65
85 74
86 76
87 63
88 65
89 76
90 73
91 75
92 73
93 67
94 74
95 74
96 66
97 69
98 78
99 72
100 76
101 80
102 78
103 58
104 76
105 83
106 74
107 73
108 81
109 78
110 77
111 83
112 83
113 34
114 62
115 81
116 81
117 70
118 67
119 67
120 62
121 78
122 60
123 52
124 74
125 74
126 82
127 72
128 73
129 67
130 70
131 77
132 67
133 64
134 73
135 78
136 81
137 76
138 71
139 50
140 70
141 72
142 71
143 67
144 60
145 53
146 76
147 74
148 73
149 71
150 75
1 0
2 1
3 3
4 7
5 10
6 12
7 11
8 11
9 13
10 11
11 15
12 18
13 27
14 11
15 14
16 20
17 17
18 19
19 18
20 27
21 15
22 28
23 21
24 20
25 21
26 20
27 24
28 20
29 14
30 19
31 18
32 18
33 19
34 16
35 25
36 14
37 23
38 19
39 21
40 18
41 16
42 19
43 15
44 14
45 21
46 17
47 24
48 15
49 18
50 17
51 22
52 16
53 19
54 20
55 23
56 23
57 18
58 16
59 24
60 18
61 22
62 23
63 18
64 24
65 18
66 13
67 14
68 18
69 25
70 19
71 24
72 17
73 14
74 20
75 14
76 18
77 15
78 24
79 35
80 47
81 34
82 28
83 34
84 38
85 42
86 33
87 39
88 16
89 27
90 28
91 36
92 22
93 20
94 39
95 28
96 34
97 39
98 39
99 31
100 32
101 29
102 35
103 32
104 31
105 48
106 28
107 38
108 33
109 23
110 24
111 32
112 49
113 44
114 38
115 30
116 27
117 29
118 39
119 22
120 25
121 29
122 23
123 18
124 26
125 16
126 31
127 26
128 26
129 34
130 36
131 60
132 37
133 17
134 41
135 32
136 39
137 42
138 28
139 38
140 32
141 45
142 39
143 42
144 33
145 50
146 31
147 22
148 41
149 35
150 40
1 1
2 2
3 3
4 3
5 5
6 13
7 10
8 13
9 20
10 15
11 12
12 16
13 14
14 22
15 13
16 16
17 36
18 28
19 36
20 46
21 43
22 33
23 47
24 31
25 40
26 32
27 42
28 42
29 47
30 44
31 49
32 35
33 41
34 58
35 53
36 50
37 57
38 56
39 48
40 48
41 45
42 45
43 57
44 54
45 52
46 46
47 49
48 47
49 56
50 52
51 56
52 46
53 59
54 53
55 45
56 44
57 42
58 48
59 56
60 56
61 53
62 52
63 54
64 52
65 49
66 56
67 46
68 49
69 46
70 58
71 51
72 54
73 41
74 46
75 52
76 53
77 53
78 50
79 48
80 56
81 52
82 59
83 45
84 55
85 46
86 42
87 50
88 46
89 50
90 51
91 62
92 50
93 69
94 58
95 62
96 74
97 105
98 77
99 54
100 54
101 67
102 52
103 53
104 76
105 70
106 50
107 62
108 55
109 59
110 63
111 57
112 51
113 64
114 67
115 45
116 59
117 70
118 54
119 50
120 48
121 58
122 53
123 61
124 50
125 54
126 50
127 57
128 62
129 50
130 75
131 77
132 73
133 97
134 69
135 79
136 81
137 68
138 57
139 62
140 69
141 76
142 68
143 80
144 80
145 68
146 77
147 79
148 73
149 100
150 72
1 3
2 0
3 1
4 1
5 1
6 1
7 1
8 1
9 1
10 1
11 1
12 1
13 2
14 3
15 3
16 2
17 5
18 11
19 13
20 12
21 10
22 14
23 10
24 13
25 10
26 11
27 13
28 10
29 14
30 14
31 14
32 19
33 13
34 10
35 23
36 17
37 28
38 26
39 33
40 35
41 29
42 24
43 28
44 40
45 28
46 24
47 37
48 29
49 36
50 33
51 38
52 38
53 34
54 39
55 37
56 34
57 29
58 30
59 33
60 31
61 42
62 40
63 28
64 31
65 27
66 33
67 29
68 31
69 36
70 30
71 29
72 27
73 31
74 30
75 29
76 31
77 33
78 36
79 30
80 37
81 34
82 44
83 40
84 41
85 38
86 39
87 48
88 63
89 51
90 58
91 48
92 45
93 42
94 27
95 28
96 39
97 28
98 33
99 31
100 31
101 41
102 39
103 52
104 42
105 48
106 48
107 43
108 41
109 40
110 42
111 45
112 48
113 48
114 55
115 41
116 50
117 46
118 39
119 42
120 48
121 42
122 52
123 37
124 43
125 39
126 42
127 38
128 39
129 43
130 41
131 49
132 55
133 38
134 44
135 46
136 59
137 49
138 50
139 48
140 57
141 39
142 37
143 55
144 53
145 51
146 62
147 54
148 48
149 50
150 51
1 0
2 1
3 1
4 1
5 2
6 2
7 2
8 2
9 2
10 3
11 2
12 1
13 2
14 2
15 3
16 4
17 3
18 3
19 3
20 3
21 3
22 2
23 5
24 4
25 3
26 5
27 3
28 3
29 4
30 2
31 6
32 3
33 2
34 2
35 4
36 3
37 6
38 3
39 3
40 3
41 2
42 5
43 4
44 6
45 3
46 8
47 4
48 2
49 3
50 4
51 2
52 3
53 4
54 3
55 3
56 2
57 3
58 7
59 3
60 10
61 2
62 5
63 8
64 6
65 10
66 10
67 11
68 16
69 32
70 24
71 26
72 35
73 20
74 39
75 19
76 42
77 26
78 37
79 41
80 41
81 55
82 43
83 36
84 44
85 41
86 49
87 47
88 46
89 41
90 44
91 39
92 46
93 34
94 35
95 45
96 40
97 40
98 46
99 42
100 47
101 38
102 44
103 47
104 38
105 30
106 55
107 33
108 35
109 45
110 72
111 45
112 71
113 74
114 49
115 54
116 42
117 61
118 60
119 50
120 49
121 69
122 79
123 72
124 70
125 76
126 82
127 70
128 80
129 60
130 78
131 59
132 68
133 57
134 71
135 66
136 27
137 32
138 63
139 61
140 62
141 45
142 34
143 70
144 65
145 64
146 75
147 50
148 28
149 71
150 39
