1	90
1	90
1	560
1	265
1	370
1	85
1	270
1	270
1	85
1	275
1	175
1	4905
1	370
1	85
1	555
1	270
1	180
1	370
1	275
1	355
1	270
1	185
1	370
1	190
1	445
1	470
1	380
1	270
1	730
1	470
2	370
2	270
2	445
2	630
2	370
2	270
2	85
2	190
2	270
2	190
2	475
2	4945
2	575
2	175
2	180
2	660
2	90
2	445
2	355
2	175
2	190
2	270
2	380
2	185
2	445
2	470
2	275
2	460
2	275
2	185
3	270
3	470
3	385
3	370
3	280
3	740
3	275
3	475
3	270
3	370
3	375
3	3080
3	470
3	355
3	640
3	845
3	440
3	175
3	570
3	470
3	560
3	185
3	185
3	1560
3	190
3	375
3	370
3	455
3	185
3	1030
4	85
4	455
4	1395
4	370
4	370
4	265
4	270
4	375
4	640
4	185
4	720
4	4470
4	375
4	85
4	375
4	570
4	840
4	275
4	575
4	570
4	185
4	0
4	390
4	275
4	285
4	455
4	270
4	560
4	730
4	555
5	270
5	655
5	290
5	370
5	575
5	555
5	470
5	470
5	265
5	475
5	365
5	7310
5	360
5	360
5	655
5	185
5	370
5	370
5	560
5	470
5	585
5	85
5	745
5	370
5	270
5	275
5	285
5	370
5	370
5	930
6	270
6	185
6	370
6	470
6	190
6	665
6	470
6	470
6	185
6	180
6	360
6	5975
6	255
6	375
6	375
6	555
6	660
6	370
6	570
6	740
6	85
6	185
6	930
6	370
6	185
6	270
6	650
6	380
6	270
6	470
7	90
7	270
7	380
7	180
7	275
7	90
7	570
7	270
7	185
7	660
7	270
7	6575
7	85
7	360
7	575
7	260
7	545
7	370
7	465
7	3635
7	85
7	375
7	485
7	270
7	745
7	530
7	970
7	370
7	455
7	555
8	345
8	270
8	460
8	270
8	170
8	480
8	2485
8	270
8	370
8	555
8	85
8	6900
8	355
8	185
8	1155
8	1115
8	1685
8	645
8	755
8	5680
8	570
8	275
8	175
8	385
8	1525
8	270
8	470
8	570
8	185
8	555
9	375
9	370
9	180
9	375
9	375
9	370
9	1840
9	545
9	270
9	460
9	510
9	7595
9	170
9	85
9	460
9	525
9	740
9	190
9	2945
9	5765
9	1270
9	455
9	760
9	275
9	585
9	470
9	460
9	460
9	270
9	270
10	175
10	270
10	380
10	275
10	375
10	270
10	2435
10	370
10	375
10	270
10	275
10	6955
10	270
10	280
10	460
10	540
10	385
10	485
10	275
10	7055
10	185
10	255
10	90
10	850
10	585
10	370
10	585
10	560
10	375
10	275
11	730
11	275
11	270
11	180
11	270
11	375
11	5770
11	370
11	270
11	175
11	370
11	7355
11	170
11	270
11	465
11	3295
11	450
11	765
11	185
11	7500
11	275
11	185
11	360
11	570
11	545
11	370
11	370
11	275
11	185
11	485
12	185
12	375
12	730
12	275
12	460
12	270
12	7105
12	355
12	270
12	270
12	175
12	7015
12	270
12	175
12	275
12	6990
12	90
12	280
12	455
12	7535
12	360
12	140
12	275
12	185
12	1355
12	185
12	375
12	275
12	185
12	470
13	270
13	270
13	190
13	445
13	85
13	85
13	7620
13	440
13	375
13	90
13	370
13	7165
13	85
13	355
13	185
13	6790
13	375
13	965
13	185
13	7210
13	485
13	185
13	660
13	660
13	570
13	555
13	575
13	370
13	365
13	370
14	175
14	175
14	270
14	545
14	185
14	270
14	6695
14	6455
14	265
14	270
14	180
14	7500
14	255
14	360
14	585
14	6990
14	1115
14	1470
14	575
14	7750
14	950
14	185
14	370
14	560
14	185
14	270
14	540
14	370
14	355
14	370
15	270
15	270
15	545
15	175
15	260
15	180
15	7320
15	270
15	375
15	185
15	270
15	7415
15	85
15	375
15	360
15	7315
15	180
15	190
15	470
15	7525
15	460
15	185
15	745
15	370
15	175
15	185
15	365
15	470
15	365
15	175
16	355
16	270
16	270
16	180
16	275
16	660
16	7140
16	455
16	555
16	185
16	270
16	7275
16	175
16	185
16	180
16	7380
16	370
16	555
16	455
16	7365
16	185
16	0
16	370
16	460
16	175
16	280
16	185
16	575
16	370
16	750
17	365
17	85
17	270
17	270
17	445
17	455
17	7130
17	530
17	270
17	185
17	175
17	7030
17	640
17	270
17	770
17	7275
17	85
17	380
17	470
17	7425
17	90
17	85
17	375
17	455
17	380
17	565
17	275
17	660
17	270
17	370
18	270
18	375
18	90
18	280
18	355
18	470
18	7190
18	6430
18	175
18	370
18	370
18	7215
18	730
18	365
18	270
18	7215
18	180
18	485
18	485
18	7400
18	585
18	370
18	185
18	560
18	270
18	745
18	285
18	455
18	745
18	470
19	360
19	370
19	370
19	185
19	270
19	270
19	7395
19	5210
19	175
19	445
19	455
19	7365
19	275
19	1690
19	1210
19	7150
19	370
19	475
19	470
19	7425
19	375
19	185
19	285
19	540
19	285
19	180
19	665
19	470
19	1025
19	470
20	630
20	85
20	270
20	265
20	370
20	370
20	7265
20	4930
20	175
20	370
20	720
20	7280
20	355
20	1780
20	1655
20	7285
20	370
20	660
20	370
20	7325
20	185
20	185
20	170
20	930
20	540
20	370
20	185
20	575
20	745
20	485
21	610
21	265
21	455
21	280
21	90
21	635
21	7325
21	7410
21	170
21	375
21	1675
21	7215
21	280
21	7075
21	545
21	7270
21	740
21	185
21	285
21	7160
21	270
21	270
21	1240
21	565
21	470
21	575
21	545
21	275
21	355
21	655
22	4770
22	375
22	270
22	90
22	370
22	190
22	7695
22	7125
22	270
22	460
22	6360
22	7235
22	280
22	7075
22	560
22	7265
22	370
22	985
22	555
22	7215
22	360
22	765
22	385
22	560
22	190
22	365
22	830
22	265
22	390
22	370
23	5430
23	370
23	630
23	370
23	270
23	375
23	7340
23	7275
23	370
23	370
23	6715
23	7180
23	185
23	6945
23	360
23	7550
23	470
23	870
23	370
23	7300
23	1355
23	370
23	280
23	930
23	470
23	555
23	3675
23	575
23	270
23	185
24	6000
24	555
24	190
24	375
24	355
24	270
24	7375
24	6710
24	365
24	270
24	6695
24	7160
24	740
24	6970
24	745
24	7420
24	190
24	1165
24	760
24	7570
24	360
24	385
24	470
24	570
24	270
24	370
24	6100
24	470
24	470
24	270
25	7720
25	370
25	360
25	270
25	270
25	425
25	7430
25	7160
25	375
25	370
25	7280
25	7320
25	170
25	6900
25	85
25	7450
25	370
25	1685
25	175
25	7360
25	360
25	85
25	455
25	560
25	370
25	660
25	6905
25	575
25	185
25	575
26	7040
26	270
26	90
26	90
26	355
26	340
26	7235
26	7270
26	375
26	370
26	7625
26	7170
26	175
26	7295
26	445
26	7290
26	370
26	370
26	480
26	7515
26	1345
26	185
26	370
26	830
26	280
26	630
26	7185
26	275
26	370
26	575
27	7405
27	270
27	90
27	555
27	85
27	990
27	7210
27	7165
27	270
27	180
27	7375
27	7415
27	375
27	7200
27	275
27	7650
27	1005
27	1030
27	570
27	7685
27	470
27	385
27	860
27	750
27	375
27	470
27	7510
27	575
27	370
27	360
28	7155
28	270
28	545
28	275
28	85
28	5890
28	7310
28	7220
28	175
28	370
28	7550
28	7555
28	185
28	7150
28	445
28	7360
28	90
28	180
28	2560
28	7400
28	370
28	385
28	470
28	185
28	270
28	560
28	7410
28	455
28	370
28	465
29	7630
29	455
29	275
29	270
29	185
29	6585
29	7360
29	7235
29	175
29	345
29	7600
29	7335
29	375
29	7245
29	370
29	7485
29	375
29	785
29	860
29	7335
29	530
29	85
29	2025
29	85
29	470
29	470
29	7260
29	270
29	555
29	465
30	7205
30	740
30	270
30	90
30	360
30	6920
30	7320
30	7220
30	270
30	190
30	7160
30	7225
30	535
30	7285
30	1270
30	7505
30	370
30	90
30	185
30	7445
30	560
30	285
30	960
30	185
30	540
30	185
30	7175
30	560
30	270
30	85
31	7615
31	175
31	440
31	90
31	370
31	6855
31	7530
31	7250
31	365
31	270
31	7350
31	7510
31	90
31	7485
31	4325
31	7010
31	370
31	660
31	585
31	7480
31	845
31	0
31	90
31	565
31	185
31	370
31	7170
31	350
31	185
31	750
32	7240
32	545
32	180
32	355
32	545
32	7480
32	7305
32	7340
32	270
32	375
32	7400
32	7120
32	440
32	7465
32	745
32	7120
32	370
32	1440
32	470
32	7480
32	270
32	565
32	1160
32	385
32	185
32	370
32	7260
32	470
32	1030
32	370
33	7290
33	90
33	90
33	270
33	530
33	7085
33	7165
33	7325
33	270
33	185
33	7485
33	7600
33	375
33	7440
33	5855
33	7035
33	370
33	455
33	385
33	7295
33	270
33	485
33	1230
33	445
33	470
33	555
33	7640
33	470
33	575
33	560
34	7210
34	6275
34	360
34	545
34	730
34	7395
34	7325
34	7215
34	270
34	280
34	7315
34	7265
34	275
34	7245
34	5070
34	7235
34	370
34	565
34	660
34	7275
34	845
34	185
34	470
34	555
34	275
34	485
34	6945
34	270
34	85
34	275
35	0
35	6475
35	460
35	450
35	270
35	7390
35	7350
35	7300
35	180
35	455
35	7145
35	7335
35	450
35	7275
35	5660
35	7140
35	370
35	370
35	470
35	7465
35	1035
35	370
35	480
35	485
35	185
35	185
35	7365
35	385
35	185
35	270
36	0
36	6840
36	260
36	270
36	455
36	7305
36	7275
36	7305
36	370
36	185
36	7175
36	7565
36	190
36	7340
36	7040
36	7325
36	1155
36	655
36	465
36	7300
36	660
36	185
36	350
36	1915
36	470
36	460
36	7295
36	385
36	660
36	470
37	0
37	7220
37	440
37	270
37	275
37	7400
37	7585
37	7300
37	375
37	370
37	7390
37	7195
37	375
37	7145
37	7375
37	7305
37	630
37	2085
37	175
37	7405
37	850
37	185
37	190
37	1865
37	555
37	275
37	7535
37	575
37	470
37	470
38	0
38	7250
38	170
38	460
38	270
38	7165
38	7330
38	7385
38	175
38	270
38	7300
38	7115
38	175
38	7300
38	7260
38	7115
38	1255
38	355
38	0
38	7515
38	85
38	1165
38	280
38	6870
38	370
38	370
38	7320
38	470
38	470
38	270
39	0
39	7310
39	270
39	270
39	370
39	7020
39	7175
39	7395
39	370
39	90
39	7290
39	7355
39	470
39	7195
39	7215
39	7330
39	185
39	370
39	0
39	7380
39	1660
39	185
39	870
39	7455
39	270
39	380
39	7320
39	185
39	560
39	555
40	0
40	7150
40	170
40	450
40	6280
40	7215
40	7310
40	7210
40	90
40	270
40	7630
40	7175
40	170
40	6985
40	7170
40	7435
40	355
40	455
40	755
40	7300
40	830
40	185
40	955
40	6990
40	260
40	270
40	7415
40	740
40	275
40	355
41	0
41	7410
41	375
41	190
41	6930
41	7115
41	7270
41	7185
41	85
41	90
41	7400
41	7165
41	370
41	7170
41	6795
41	7490
41	85
41	485
41	385
41	7025
41	370
41	370
41	375
41	5760
41	355
41	575
41	7320
41	1380
41	550
41	560
42	0
42	7155
42	380
42	170
42	6515
42	7710
42	7180
42	6965
42	190
42	270
42	7445
42	7510
42	180
42	7360
42	7270
42	7315
42	455
42	2085
42	585
42	7475
42	365
42	470
42	375
42	6595
42	470
42	470
42	7305
42	2925
42	460
42	270
43	0
43	7060
43	460
43	460
43	6535
43	7260
43	7425
43	7375
43	85
43	190
43	7320
43	7305
43	185
43	7115
43	7345
43	7215
43	370
43	270
43	1055
43	7195
43	745
43	885
43	1165
43	7090
43	470
43	475
43	7510
43	4795
43	470
43	470
44	0
44	7115
44	375
44	375
44	6860
44	6980
44	7070
44	7545
44	375
44	380
44	7200
44	7280
44	1430
44	7290
44	7015
44	7345
44	470
44	1185
44	485
44	7330
44	275
44	90
44	540
44	7480
44	270
44	280
44	7375
44	6925
44	360
44	470
45	0
45	7435
45	185
45	445
45	6895
45	7335
45	7075
45	7265
45	85
45	380
45	7215
45	7295
45	1805
45	7320
45	7190
45	7310
45	370
45	660
45	645
45	7145
45	445
45	90
45	360
45	7130
45	480
45	270
45	7095
45	7370
45	460
45	555
46	0
46	7260
46	270
46	365
46	7040
46	7645
46	7105
46	7055
46	365
46	350
46	7245
46	7350
46	1560
46	7540
46	7030
46	7185
46	455
46	370
46	185
46	7660
46	275
46	750
46	185
46	6415
46	90
46	645
46	7345
46	6935
46	370
46	470
47	0
47	7415
47	380
47	535
47	7600
47	6895
47	7205
47	7220
47	555
47	375
47	7250
47	7355
47	5110
47	7195
47	7365
47	7335
47	175
47	380
47	270
47	7165
47	190
47	470
47	630
47	6275
47	390
47	555
47	7410
47	7340
47	370
47	445
48	0
48	7410
48	275
48	375
48	7000
48	7380
48	7165
48	7345
48	360
48	275
48	7315
48	7285
48	7265
48	7220
48	7045
48	7215
48	370
48	660
48	270
48	7495
48	550
48	985
48	270
48	4885
48	185
48	575
48	7075
48	6480
48	370
48	360
49	0
49	7255
49	270
49	355
49	7200
49	7400
49	7145
49	7445
49	270
49	175
49	7530
49	7485
49	6985
49	7405
49	7245
49	7300
49	370
49	1985
49	0
49	7525
49	270
49	1365
49	950
49	6230
49	575
49	270
49	7135
49	7245
49	450
49	545
50	0
50	7120
50	360
50	270
50	7285
50	7345
50	7290
50	7305
50	170
50	375
50	7315
50	7295
50	6175
50	7310
50	6995
50	7380
50	560
50	1385
50	1055
50	7270
50	275
50	685
50	1360
50	5975
50	460
50	85
50	7230
50	7630
50	550
50	470
51	0
51	7450
51	275
51	270
51	7190
51	6890
51	7290
51	7025
51	185
51	370
51	7440
51	7560
51	7245
51	7105
51	7155
51	7190
51	375
51	460
51	85
51	7280
51	370
51	185
51	475
51	5895
51	470
51	270
51	7095
51	7550
51	455
51	470
52	0
52	7295
52	190
52	185
52	7350
52	7195
52	7450
52	7205
52	265
52	380
52	7460
52	7390
52	7365
52	7365
52	7385
52	7320
52	90
52	375
52	185
52	7350
52	575
52	535
52	470
52	6445
52	560
52	270
52	7380
52	7185
52	370
52	170
53	0
53	7315
53	180
53	270
53	7025
53	7510
53	7160
53	7340
53	175
53	85
53	7310
53	7330
53	7385
53	7010
53	7265
53	7295
53	1210
53	0
53	185
53	7085
53	275
53	85
53	370
53	5180
53	555
53	575
53	7110
53	7185
53	370
53	550
54	0
54	7160
54	440
54	90
54	7190
54	7100
54	7055
54	7390
54	370
54	370
54	7580
54	7265
54	6940
54	7205
54	7010
54	7425
54	550
54	555
54	0
54	7210
54	270
54	380
54	380
54	6130
54	285
54	360
54	7485
54	7430
54	470
54	375
55	0
55	7425
55	370
55	90
55	7395
55	7365
55	7260
55	7545
55	175
55	185
55	7345
55	7170
55	7305
55	7170
55	7065
55	7365
55	375
55	470
55	285
55	7300
55	445
55	635
55	460
55	6910
55	185
55	755
55	7600
55	7530
55	560
55	470
56	0
56	7555
56	190
56	375
56	7165
56	6905
56	7335
56	7290
56	270
56	370
56	7495
56	7585
56	7400
56	7175
56	7325
56	7360
56	1425
56	1485
56	185
56	7350
56	370
56	85
56	185
56	6290
56	85
56	365
56	7400
56	7350
56	275
56	370
57	0
57	7260
57	265
57	455
57	7190
57	7160
57	7270
57	7305
57	355
57	370
57	7315
57	7250
57	7060
57	7190
57	7135
57	7310
57	90
57	560
57	755
57	7355
57	185
57	385
57	370
57	6900
57	460
57	470
57	7420
57	7025
57	575
57	470
58	0
58	7480
58	90
58	270
58	7580
58	7295
58	7275
58	7100
58	465
58	190
58	7395
58	7320
58	7270
58	7180
58	6865
58	7325
58	370
58	0
58	755
58	7195
58	175
58	90
58	85
58	7440
58	390
58	360
58	7275
58	7350
58	560
58	6395
59	0
59	7395
59	190
59	275
59	7280
59	7270
59	7210
59	7325
59	270
59	375
59	7220
59	7405
59	7445
59	7320
59	7200
59	7210
59	90
59	470
59	0
59	7405
59	465
59	370
59	370
59	6770
59	530
59	275
59	7455
59	7455
59	385
59	5845
60	0
60	7400
60	280
60	190
60	7140
60	7525
60	7470
60	7035
60	545
60	375
60	7260
60	7610
60	7235
60	7200
60	7355
60	7240
60	455
60	1060
60	185
60	7780
60	370
60	2455
60	570
60	6970
60	370
60	470
60	7465
60	7330
60	470
60	6805
61	0
61	7360
61	445
61	270
61	7560
61	7160
61	7290
61	7185
61	90
61	90
61	7210
61	7360
61	7655
61	7075
61	7360
61	7475
61	370
61	470
61	285
61	7390
61	370
61	370
61	270
61	7150
61	560
61	455
61	7435
61	7230
61	370
61	6640
62	0
62	7235
62	380
62	370
62	7545
62	7120
62	7260
62	7165
62	175
62	90
62	7455
62	7435
62	7190
62	7080
62	7170
62	7840
62	0
62	1045
62	185
62	7355
62	470
62	185
62	365
62	7200
62	470
62	370
62	7430
62	7310
62	275
62	7690
63	0
63	7195
63	270
63	185
63	7435
63	7410
63	7160
63	7130
63	270
63	90
63	7440
63	7390
63	7300
63	7040
63	7350
63	7465
63	280
63	460
63	185
63	7395
63	575
63	285
63	370
63	7065
63	470
63	275
63	7385
63	7175
63	185
63	7495
64	0
64	7375
64	180
64	370
64	7175
64	7400
64	7315
64	7215
64	360
64	375
64	7340
64	7220
64	7185
64	7130
64	7150
64	7290
64	275
64	2010
64	185
64	7570
64	560
64	370
64	755
64	7525
64	845
64	370
64	7400
64	7370
64	375
64	7275
65	0
65	7070
65	270
65	455
65	7435
65	7260
65	7890
65	7375
65	375
65	185
65	7430
65	7405
65	7350
65	7425
65	7115
65	7295
65	185
65	560
65	485
65	7600
65	360
65	285
65	760
65	7145
65	470
65	270
65	7405
65	7215
65	735
65	7200
66	0
66	7460
66	90
66	270
66	7400
66	7175
66	7030
66	7370
66	375
66	535
66	7315
66	7260
66	7510
66	7370
66	7510
66	7455
66	190
66	470
66	0
66	7385
66	660
66	745
66	545
66	7465
66	375
66	470
66	7295
66	7485
66	560
66	7490
67	0
67	7260
67	90
67	275
67	7145
67	7050
67	7325
67	7060
67	375
67	180
67	7175
67	7150
67	7115
67	7275
67	7105
67	7385
67	190
67	570
67	270
67	7395
67	270
67	845
67	455
67	7415
67	470
67	575
67	7280
67	7445
67	470
67	7165
68	0
68	7470
68	265
68	375
68	7140
68	7525
68	7855
68	7310
68	270
68	270
68	7390
68	7325
68	7340
68	7215
68	7490
68	7465
68	370
68	455
68	0
68	7425
68	375
68	925
68	370
68	7225
68	270
68	370
68	7115
68	7510
68	560
68	7455
69	0
69	7365
69	90
69	370
69	6915
69	7555
69	7230
69	7315
69	270
69	190
69	7505
69	7230
69	7345
69	7390
69	7200
69	7285
69	90
69	2105
69	385
69	7525
69	375
69	85
69	175
69	7365
69	275
69	575
69	7355
69	7630
69	745
69	7115
70	0
70	7470
70	90
70	170
70	7200
70	7160
70	7340
70	7165
70	90
70	425
70	7300
70	7400
70	7090
70	7415
70	7285
70	7520
70	275
70	270
70	185
70	7410
70	470
70	645
70	485
70	7365
70	370
70	285
70	7105
70	7320
70	475
70	7230
71	0
71	7240
71	370
71	85
71	7275
71	7475
71	7270
71	7335
71	270
71	375
71	7380
71	7285
71	7160
71	7250
71	7330
71	7300
71	355
71	185
71	85
71	7365
71	370
71	385
71	830
71	7240
71	470
71	360
71	7360
71	7140
71	370
71	7430
72	0
72	7520
72	555
72	175
72	7630
72	7300
72	7195
72	7160
72	270
72	280
72	7315
72	7440
72	7200
72	7290
72	7305
72	7225
72	740
72	170
72	185
72	7305
72	285
72	370
72	470
72	7080
72	485
72	460
72	7445
72	7505
72	560
72	6760
73	0
73	7340
73	455
73	190
73	7220
73	7445
73	7425
73	6875
73	175
73	175
73	7375
73	7465
73	7230
73	7175
73	7200
73	7500
73	270
73	185
73	285
73	7250
73	370
73	655
73	175
73	7455
73	270
73	445
73	7400
73	7260
73	370
73	7195
74	0
74	7280
74	190
74	270
74	7165
74	7455
74	7230
74	7305
74	270
74	530
74	7400
74	7245
74	7395
74	7305
74	7350
74	7420
74	270
74	555
74	185
74	7025
74	370
74	185
74	270
74	7160
74	270
74	475
74	7255
74	7365
74	275
74	7425
75	0
75	7210
75	375
75	170
75	7355
75	7175
75	7285
75	7405
75	260
75	620
75	7350
75	7655
75	7315
75	7345
75	7180
75	7435
75	275
75	670
75	185
75	7290
75	380
75	190
75	550
75	7605
75	370
75	470
75	7485
75	7400
75	270
75	7110
76	0
76	7200
76	90
76	270
76	7815
76	7375
76	7440
76	7320
76	375
76	7055
76	7410
76	7555
76	7455
76	7245
76	7165
76	7320
76	625
76	90
76	0
76	7485
76	375
76	370
76	820
76	7230
76	470
76	455
76	7400
76	7430
76	460
76	7295
77	0
77	7340
77	370
77	185
77	7375
77	7375
77	7315
77	7420
77	190
77	7200
77	7240
77	7290
77	7305
77	7225
77	7115
77	7475
77	185
77	565
77	470
77	7290
77	460
77	275
77	455
77	7340
77	460
77	580
77	7305
77	7465
77	85
77	7115
78	0
78	7220
78	190
78	545
78	7170
78	7465
78	7355
78	7260
78	180
78	7120
78	7275
78	7305
78	7070
78	7405
78	7350
78	7285
78	370
78	1370
78	485
78	7220
78	185
78	275
78	185
78	7345
78	270
78	470
78	7280
78	7340
78	465
78	7065
79	0
79	7240
79	90
79	370
79	7300
79	7135
79	7290
79	7470
79	185
79	7260
79	7310
79	7280
79	7340
79	7385
79	7220
79	7450
79	470
79	285
79	285
79	7290
79	470
79	470
79	455
79	6430
79	275
79	370
79	7800
79	7075
79	470
79	7310
80	0
80	7445
80	270
80	365
80	7265
80	7245
80	7480
80	7215
80	85
80	7210
80	7140
80	7345
80	7275
80	7875
80	7095
80	7275
80	470
80	1750
80	485
80	7335
80	570
80	570
80	85
80	6895
80	270
80	460
80	7425
80	7470
80	185
80	7345
81	0
81	7670
81	85
81	85
81	7600
81	7565
81	7200
81	7450
81	175
81	7405
81	7300
81	7360
81	7235
81	7155
81	7145
81	7285
81	560
81	740
81	85
81	7215
81	185
81	370
81	175
81	7165
81	575
81	270
81	7115
81	7570
81	275
81	7330
82	0
82	7655
82	275
82	375
82	7350
82	7275
82	7230
82	7195
82	85
82	7360
82	7540
82	7180
82	7110
82	7030
82	7095
82	7365
82	950
82	1470
82	385
82	7360
82	175
82	385
82	185
82	7060
82	7395
82	565
82	7030
82	7410
82	555
82	7335
83	0
83	7340
83	360
83	270
83	7515
83	7205
83	7950
83	7285
83	90
83	7185
83	7575
83	7525
83	7455
83	7140
83	7245
83	7220
83	370
83	960
83	185
83	7110
83	370
83	575
83	370
83	7135
83	7200
83	375
83	7305
83	7475
83	455
83	7260
84	0
84	7340
84	370
84	270
84	7275
84	7555
84	7385
84	7415
84	260
84	7395
84	7350
84	7185
84	7230
84	7040
84	7750
84	7430
84	465
84	560
84	85
84	7395
84	185
84	560
84	470
84	6980
84	6915
84	470
84	7255
84	7230
84	755
84	7225
85	0
85	7405
85	170
85	270
85	7415
85	7330
85	7745
85	7360
85	175
85	7435
85	7280
85	7380
85	6945
85	7185
85	7595
85	7325
85	355
85	950
85	185
85	7245
85	370
85	830
85	375
85	7275
85	6895
85	560
85	7505
85	7425
85	560
85	7510
86	0
86	7350
86	90
86	275
86	7390
86	7300
86	7145
86	7220
86	185
86	7255
86	7420
86	7350
86	7215
86	7320
86	7250
86	7400
86	470
86	1260
86	0
86	7375
86	555
86	575
86	750
86	6910
86	7195
86	270
86	7380
86	6720
86	370
86	7485
87	0
87	7235
87	270
87	370
87	7370
87	7250
87	7620
87	7680
87	270
87	7510
87	7325
87	7170
87	7210
87	7085
87	7070
87	7310
87	760
87	370
87	285
87	7350
87	660
87	475
87	275
87	6895
87	6935
87	280
87	7120
87	7370
87	470
87	7085
88	0
88	7385
88	270
88	545
88	7275
88	7230
88	7245
88	7045
88	270
88	7645
88	7625
88	7295
88	7305
88	7375
88	7245
88	7720
88	670
88	585
88	285
88	7280
88	275
88	475
88	455
88	7030
88	7230
88	470
88	7175
88	6775
88	270
88	7295
89	0
89	7210
89	445
89	270
89	7360
89	7430
89	7345
89	7370
89	85
89	7275
89	7625
89	7400
89	7505
89	7365
89	7160
89	7195
89	555
89	270
89	485
89	7435
89	385
89	185
89	480
89	7550
89	7340
89	470
89	7380
89	7310
89	375
89	7270
90	0
90	7285
90	370
90	85
90	7380
90	7100
90	7300
90	7275
90	355
90	7225
90	7325
90	7155
90	7605
90	7210
90	7145
90	7490
90	190
90	745
90	85
90	7540
90	370
90	470
90	470
90	7430
90	7705
90	470
90	7230
90	7370
90	190
90	7015
91	0
91	7265
91	90
91	375
91	7440
91	7140
91	7525
91	7525
91	270
91	7390
91	7270
91	7270
91	7500
91	7255
91	7275
91	7385
91	755
91	560
91	185
91	7445
91	370
91	480
91	470
91	7385
91	6725
91	585
91	7415
91	7275
91	275
91	7385
92	0
92	7435
92	270
92	175
92	7280
92	7395
92	7260
92	7215
92	365
92	7295
92	7180
92	7635
92	7055
92	7285
92	7330
92	7320
92	190
92	185
92	285
92	7215
92	185
92	185
92	470
92	7290
92	6925
92	185
92	7380
92	7315
92	355
92	7265
93	0
93	7255
93	360
93	85
93	7280
93	7340
93	7245
93	7450
93	375
93	7525
93	7380
93	7270
93	7390
93	7300
93	7270
93	7180
93	185
93	270
93	185
93	7415
93	370
93	465
93	270
93	6755
93	7510
93	370
93	7285
93	7260
93	575
93	7550
94	0
94	7320
94	270
94	270
94	7310
94	7340
94	7310
94	7395
94	460
94	7015
94	7165
94	7220
94	7175
94	7150
94	7485
94	7420
94	470
94	570
94	0
94	7185
94	280
94	470
94	470
94	7030
94	7350
94	370
94	7295
94	7310
94	355
94	7205
95	0
95	7230
95	275
95	175
95	7230
95	7350
95	7235
95	7335
95	275
95	7290
95	7405
95	7180
95	7145
95	7205
95	7755
95	7485
95	470
95	950
95	535
95	7355
95	190
95	270
95	555
95	7555
95	7410
95	185
95	7180
95	7315
95	575
95	7265
96	0
96	7440
96	180
96	640
96	7285
96	7435
96	7355
96	7295
96	370
96	7175
96	7195
96	7365
96	7075
96	7195
96	7335
96	7320
96	190
96	570
96	485
96	7455
96	470
96	90
96	370
96	7280
96	6795
96	370
96	7190
96	7250
96	355
96	7570
97	0
97	7320
97	275
97	275
97	7345
97	7040
97	7380
97	7325
97	375
97	7235
97	7030
97	7150
97	7240
97	7125
97	7150
97	7340
97	470
97	90
97	0
97	7270
97	570
97	580
97	375
97	7145
97	7085
97	370
97	7275
97	7300
97	270
97	7295
98	0
98	7255
98	90
98	170
98	7405
98	7325
98	7305
98	7250
98	545
98	7275
98	7355
98	7120
98	7330
98	7180
98	7195
98	7305
98	370
98	190
98	185
98	7555
98	1035
98	370
98	370
98	7255
98	7435
98	655
98	7250
98	7625
98	485
98	7505
99	0
99	7300
99	380
99	355
99	7225
99	7075
99	7385
99	7115
99	170
99	7315
99	7345
99	7120
99	6920
99	7290
99	7445
99	7290
99	555
99	185
99	0
99	7260
99	90
99	470
99	660
99	7285
99	7130
99	355
99	7300
99	7300
99	470
99	7165
100	0
100	7410
100	255
100	255
100	7620
100	7235
100	7340
100	7335
100	185
100	7470
100	7295
100	7570
100	7380
100	7120
100	7225
100	7405
100	470
100	270
100	0
100	7135
100	545
100	580
100	190
100	7145
100	7240
100	470
100	7570
100	7200
100	370
100	7295
101	0
101	7700
101	255
101	175
101	7240
101	7660
101	7045
101	7505
101	270
101	7335
101	7400
101	7465
101	7450
101	7150
101	7360
101	7370
101	370
101	660
101	470
101	7480
101	185
101	650
101	575
101	7035
101	7545
101	375
101	7390
101	7285
101	475
101	7475
102	0
102	7265
102	555
102	270
102	7205
102	7230
102	7235
102	7255
102	190
102	7380
102	7660
102	7570
102	7105
102	7495
102	7185
102	7280
102	355
102	385
102	185
102	7240
102	90
102	470
102	470
102	7360
102	7280
102	270
102	7260
102	7375
102	190
102	7360
103	0
103	7330
103	640
103	380
103	7355
103	7405
103	7330
103	7170
103	170
103	7550
103	7190
103	7440
103	7260
103	7540
103	7330
103	7230
103	465
103	820
103	0
103	7130
103	475
103	380
103	580
103	7125
103	7305
103	670
103	7180
103	7440
103	475
103	7245
104	0
104	7615
104	375
104	185
104	7425
104	7720
104	7355
104	7165
104	370
104	7405
104	7185
104	7200
104	7075
104	7135
104	7910
104	7595
104	545
104	570
104	485
104	7235
104	1385
104	475
104	580
104	7415
104	7170
104	185
104	7260
104	7290
104	185
104	7605
105	0
105	7185
105	275
105	7215
105	7245
105	7240
105	7255
105	7270
105	270
105	7235
105	7245
105	6895
105	7405
105	7230
105	7245
105	7235
105	185
105	360
105	360
105	7240
105	475
105	370
105	270
105	7535
105	7150
105	370
105	7550
105	7260
105	365
105	7310
106	0
106	7305
106	360
106	7035
106	7385
106	7085
106	7415
106	7715
106	370
106	7285
106	7385
106	7235
106	7270
106	7265
106	7290
106	7205
106	470
106	570
106	85
106	7330
106	570
106	190
106	270
106	7460
106	7170
106	755
106	7060
106	7410
106	370
106	7245
107	0
107	7240
107	270
107	7180
107	7260
107	7270
107	7170
107	7475
107	365
107	7220
107	7505
107	7200
107	7290
107	7025
107	7570
107	7415
107	285
107	1010
107	270
107	7245
107	385
107	375
107	275
107	6945
107	7425
107	655
107	7515
107	7595
107	285
107	7245
108	0
108	7300
108	370
108	7520
108	7405
108	7060
108	7625
108	7230
108	0
108	7270
108	7810
108	7405
108	7310
108	7355
108	7465
108	7170
108	385
108	555
108	185
108	7430
108	930
108	755
108	370
108	7300
108	7330
108	645
108	7335
108	7440
108	270
108	7200
109	0
109	7195
109	545
109	6970
109	7305
109	7340
109	7280
109	7345
109	360
109	7325
109	7915
109	7210
109	7430
109	7335
109	7365
109	7455
109	660
109	845
109	0
109	7360
109	185
109	370
109	470
109	7235
109	7305
109	830
109	7645
109	7255
109	460
109	7175
110	0
110	7165
110	190
110	7255
110	7485
110	7215
110	7430
110	7260
110	175
110	7540
110	7370
110	7175
110	7335
110	7245
110	6855
110	7255
110	370
110	470
110	185
110	7265
110	1030
110	85
110	270
110	7195
110	7255
110	375
110	7250
110	7425
110	360
110	7470
111	0
111	7530
111	170
111	7090
111	7420
111	7280
111	7145
111	7655
111	85
111	7245
111	7045
111	7325
111	7330
111	7225
111	7190
111	7430
111	275
111	470
111	185
111	7460
111	355
111	1485
111	460
111	7530
111	7335
111	555
111	7065
111	7305
111	470
111	7455
112	0
112	7185
112	380
112	7480
112	7175
112	7240
112	7185
112	7105
112	435
112	7350
112	7690
112	7050
112	7210
112	7785
112	7375
112	7190
112	355
112	470
112	85
112	7460
112	375
112	920
112	185
112	7260
112	7435
112	370
112	7310
112	7240
112	190
112	7350
113	0
113	6080
113	275
113	7405
113	7235
113	7300
113	7340
113	7150
113	270
113	7355
113	7475
113	7465
113	7475
113	7180
113	7150
113	7730
113	275
113	90
113	185
113	7340
113	745
113	1495
113	375
113	7315
113	7375
113	755
113	7240
113	7440
113	470
113	7450
114	0
114	3895
114	170
114	7235
114	7310
114	7175
114	7210
114	7275
114	85
114	7250
114	7450
114	7075
114	7480
114	7045
114	7400
114	7370
114	475
114	730
114	0
114	7375
114	170
114	5755
114	275
114	7350
114	7320
114	355
114	7400
114	7245
114	185
114	7520
115	0
115	7155
115	365
115	7505
115	7375
115	7000
115	7285
115	7315
115	7095
115	7445
115	7355
115	7195
115	7220
115	185
115	7210
115	7220
115	270
115	2530
115	185
115	7190
115	185
115	7090
115	560
115	7140
115	7525
115	280
115	7380
115	7290
115	575
115	7260
116	0
116	7410
116	190
116	7440
116	7280
116	6920
116	7345
116	7180
116	7350
116	7280
116	7365
116	7380
116	7230
116	0
116	7355
116	7290
116	370
116	2700
116	85
116	7395
116	185
116	7180
116	470
116	7400
116	7410
116	85
116	7615
116	7315
116	190
116	7415
117	0
117	7450
117	455
117	7695
117	7320
117	7185
117	7105
117	6975
117	7620
117	7535
117	7195
117	7280
117	7125
117	385
117	7060
117	7320
117	270
117	5845
117	85
117	7730
117	375
117	6865
117	640
117	7300
117	7300
117	475
117	7290
117	7495
117	555
117	7230
118	0
118	7200
118	90
118	7335
118	7385
118	7145
118	7245
118	7340
118	7310
118	7380
118	7255
118	7095
118	7305
118	475
118	7260
118	7230
118	555
118	7215
118	85
118	7555
118	640
118	7475
118	190
118	7140
118	7270
118	190
118	7335
118	7400
118	470
118	7200
119	0
119	7275
119	170
119	7170
119	7535
119	7120
119	7260
119	7395
119	7535
119	7390
119	7125
119	7230
119	7650
119	185
119	7470
119	7365
119	830
119	6310
119	0
119	7535
119	455
119	7170
119	370
119	7445
119	7270
119	480
119	7375
119	7305
119	290
119	7335
120	0
120	7370
120	170
120	7490
120	7390
120	7740
120	7420
120	7225
120	7135
120	7320
120	7125
120	6950
120	7110
120	275
120	7110
120	7360
120	1560
120	7200
120	185
120	7405
120	185
120	7245
120	185
120	7350
120	7310
120	475
120	7620
120	7445
120	185
120	7285
121	0
121	7675
121	470
121	7395
121	7290
121	7290
121	7290
121	7470
121	7185
121	7365
121	7315
121	7375
121	7185
121	275
121	7190
121	7550
121	570
121	7405
121	185
121	7265
121	565
121	7415
121	385
121	7240
121	7180
121	370
121	7545
121	7445
121	650
121	7130
122	0
122	7250
122	180
122	7330
122	7260
122	7155
122	7045
122	7415
122	7490
122	7830
122	7315
122	7665
122	7355
122	0
122	7110
122	7390
122	370
122	7495
122	0
122	7375
122	270
122	7260
122	370
122	7085
122	7335
122	550
122	7180
122	7260
122	370
122	7130
123	0
123	7255
123	370
123	7345
123	7390
123	7150
123	7180
123	7255
123	7060
123	7740
123	7110
123	7500
123	7230
123	275
123	7160
123	7295
123	365
123	7415
123	185
123	7430
123	660
123	7810
123	190
123	7335
123	7250
123	470
123	7490
123	7585
123	370
123	7205
124	0
124	7325
124	355
124	7380
124	7430
124	7745
124	7285
124	7450
124	7255
124	7550
124	7355
124	7265
124	7310
124	185
124	7280
124	7430
124	270
124	7415
124	375
124	7275
124	460
124	7250
124	470
124	7215
124	7445
124	575
124	7615
124	7770
124	470
124	7290
125	0
125	7220
125	185
125	7305
125	7140
125	7600
125	7360
125	7535
125	7560
125	7265
125	7445
125	7310
125	7265
125	185
125	6910
125	7435
125	565
125	7120
125	85
125	7395
125	450
125	7375
125	370
125	7385
125	7765
125	470
125	7300
125	7500
125	270
125	7315
126	0
126	7390
126	270
126	7120
126	7840
126	7455
126	7210
126	7215
126	7220
126	7440
126	7400
126	7420
126	7490
126	545
126	7175
126	7185
126	365
126	7260
126	0
126	7535
126	185
126	7325
126	275
126	7310
126	7300
126	370
126	7485
126	7335
126	270
126	7325
127	0
127	7150
127	180
127	7560
127	7435
127	7750
127	7415
127	7290
127	7355
127	7450
127	7265
127	7180
127	7510
127	265
127	7470
127	7470
127	270
127	7290
127	85
127	7210
127	270
127	7550
127	560
127	7215
127	7355
127	190
127	7465
127	7285
127	755
127	7195
128	0
128	7165
128	445
128	7275
128	7385
128	7220
128	7155
128	7290
128	7240
128	7255
128	7375
128	7370
128	7415
128	285
128	7315
128	7630
128	370
128	7365
128	185
128	7285
128	460
128	7245
128	270
128	7370
128	7445
128	575
128	7165
128	7410
128	570
128	7470
129	0
129	7435
129	270
129	7315
129	7405
129	7065
129	7440
129	7005
129	7375
129	7260
129	7385
129	7345
129	7205
129	385
129	7325
129	7485
129	555
129	7670
129	475
129	7160
129	560
129	7275
129	575
129	7175
129	7165
129	370
129	7150
129	7340
129	470
129	7460
130	0
130	7420
130	370
130	7535
130	7235
130	6820
130	7165
130	7165
130	7405
130	7135
130	7515
130	7225
130	7135
130	185
130	7430
130	7545
130	735
130	7550
130	85
130	7825
130	470
130	7300
130	185
130	7245
130	7205
130	575
130	7400
130	7355
130	655
130	7175
131	0
131	7390
131	175
131	7345
131	7360
131	7300
131	7190
131	7270
131	7400
131	7325
131	7370
131	7315
131	7405
131	0
131	7375
131	7530
131	275
131	7260
131	185
131	7345
131	660
131	7360
131	185
131	7360
131	7745
131	470
131	7235
131	7235
131	85
131	7600
132	0
132	7505
132	380
132	7405
132	7315
132	7510
132	7115
132	7380
132	7275
132	7330
132	7485
132	7755
132	7565
132	185
132	7585
132	7165
132	370
132	7340
132	575
132	7200
132	560
132	7135
132	560
132	7405
132	7375
132	350
132	7350
132	7860
132	380
132	7580
133	0
133	7510
133	470
133	7235
133	7355
133	7065
133	7495
133	7330
133	7225
133	7385
133	7160
133	7360
133	7040
133	85
133	7070
133	7310
133	370
133	7405
133	185
133	7510
133	760
133	7365
133	370
133	7330
133	7545
133	85
133	7315
133	7685
133	655
133	7325
134	0
134	7555
134	90
134	7120
134	7740
134	7305
134	7240
134	7230
134	7330
134	7215
134	7220
134	7355
134	6950
134	385
134	7535
134	6975
134	845
134	7535
134	475
134	7270
134	370
134	7390
134	455
134	7485
134	7335
134	660
134	7610
134	7650
134	845
134	7255
135	0
135	7445
135	270
135	7535
135	7310
135	7340
135	7260
135	7185
135	7245
135	7370
135	7245
135	7330
135	7330
135	185
135	7085
135	7460
135	270
135	7280
135	285
135	7420
135	375
135	7225
135	445
135	7250
135	7440
135	370
135	7325
135	7245
135	370
135	7515
136	0
136	7360
136	445
136	7670
136	7290
136	7340
136	7295
136	7340
136	7170
136	7790
136	7350
136	7050
136	7420
136	185
136	7145
136	7340
136	370
136	7330
136	85
136	7200
136	370
136	7230
136	275
136	7465
136	7390
136	185
136	7450
136	7090
136	370
136	7800
137	0
137	7380
137	90
137	7320
137	7440
137	7095
137	7255
137	7470
137	7245
137	7400
137	7190
137	7250
137	7180
137	275
137	7055
137	7375
137	375
137	7425
137	185
137	7395
137	285
137	7300
137	555
137	7155
137	7310
137	270
137	7125
137	7295
137	470
137	7035
138	0
138	7315
138	170
138	7205
138	7595
138	7395
138	7370
138	7175
138	7145
138	7540
138	7125
138	7205
138	7085
138	265
138	7085
138	7430
138	555
138	7065
138	185
138	7405
138	460
138	7325
138	370
138	7105
138	7450
138	370
138	7025
138	7495
138	555
138	7175
139	0
139	7410
139	375
139	7320
139	7415
139	7305
139	7580
139	7305
139	7510
139	7355
139	7155
139	7320
139	7105
139	385
139	7260
139	7370
139	185
139	7415
139	1155
139	7330
139	470
139	7215
139	570
139	7500
139	7350
139	275
139	7110
139	7185
139	550
139	7505
140	0
140	7405
140	260
140	7185
140	7240
140	7055
140	7230
140	7485
140	7590
140	7275
140	7500
140	7280
140	7280
140	185
140	7230
140	7620
140	285
140	7270
140	560
140	7340
140	560
140	7360
140	470
140	7350
140	7155
140	185
140	7400
140	7560
140	370
140	7295
141	0
141	7410
141	265
141	7365
141	7355
141	7435
141	7480
141	7095
141	7525
141	7130
141	7620
141	7200
141	7215
141	185
141	7350
141	7210
141	750
141	7105
141	370
141	7360
141	85
141	7365
141	360
141	7290
141	7255
141	1530
141	7495
141	7270
141	85
141	7130
142	0
142	7260
142	270
142	7055
142	7355
142	7485
142	7270
142	7085
142	7555
142	7355
142	7255
142	7455
142	7370
142	185
142	7865
142	7075
142	185
142	7315
142	185
142	7305
142	570
142	7275
142	475
142	7255
142	7380
142	270
142	7125
142	7340
142	280
142	7090
143	0
143	7310
143	270
143	7600
143	7290
143	7385
143	7380
143	7285
143	7700
143	7465
143	7130
143	7060
143	7085
143	370
143	7490
143	7600
143	470
143	7385
143	675
143	7165
143	360
143	7395
143	895
143	7230
143	7160
143	470
143	7435
143	7400
143	385
143	7465
144	0
144	7410
144	455
144	7290
144	7270
144	7200
144	7285
144	7135
144	7240
144	7755
144	7140
144	7355
144	7365
144	770
144	7365
144	7415
144	735
144	7340
144	285
144	7320
144	2455
144	7190
144	900
144	7220
144	7045
144	475
144	7425
144	7290
144	460
144	7255
145	0
145	7295
145	175
145	7375
145	7220
145	7380
145	7355
145	7205
145	7545
145	7595
145	7290
145	7395
145	7400
145	270
145	7145
145	7510
145	185
145	7375
145	0
145	7345
145	1035
145	7480
145	2000
145	7445
145	7295
145	270
145	7315
145	7595
145	185
145	7500
146	0
146	7350
146	180
146	7515
146	7225
146	7200
146	7240
146	7215
146	7490
146	7635
146	7245
146	7315
146	7250
146	0
146	7025
146	7350
146	370
146	7185
146	370
146	7495
146	360
146	7370
146	915
146	7360
146	6895
146	470
146	7400
146	7350
146	370
146	7450
147	0
147	7330
147	375
147	7345
147	7200
147	7390
147	7420
147	7275
147	7110
147	7325
147	7435
147	7450
147	7245
147	285
147	7365
147	7455
147	185
147	7375
147	0
147	7155
147	185
147	7110
147	1540
147	7280
147	7400
147	370
147	7365
147	7270
147	270
147	7235
148	0
148	7505
148	370
148	7295
148	7355
148	7235
148	7585
148	7335
148	7620
148	7225
148	7370
148	7060
148	7590
148	85
148	7255
148	7385
148	660
148	7365
148	485
148	7495
148	550
148	7345
148	3705
148	7160
148	7155
148	275
148	7345
148	7300
148	270
148	7300
149	0
149	7360
149	355
149	7380
149	7585
149	7130
149	7165
149	7360
149	7595
149	7170
149	7065
149	7195
149	7250
149	570
149	6925
149	7205
149	285
149	7560
149	675
149	7550
149	830
149	7310
149	7175
149	7325
149	7285
149	645
149	7470
149	7410
149	470
149	7395
150	0
150	7250
150	270
150	7395
150	7080
150	7360
150	7565
150	7310
150	7530
150	7260
150	7270
150	7285
150	7330
150	755
150	7150
150	7305
150	385
150	7410
150	185
150	7200
150	1360
150	7555
150	6305
150	7275
150	7240
150	270
150	7005
150	7265
150	370
150	7330
151	0
151	7150
151	380
151	7445
151	7090
151	7190
151	7390
151	7150
151	7120
151	7555
151	7245
151	7570
151	7550
151	370
151	7355
151	7280
151	275
151	7245
151	550
151	7185
151	270
151	7405
151	7060
151	7425
151	7045
151	370
151	7295
151	7295
151	275
151	7460
152	0
152	7260
152	365
152	7320
152	7340
152	7280
152	7365
152	7285
152	7500
152	7285
152	7485
152	7425
152	6935
152	285
152	7150
152	7210
152	185
152	7440
152	560
152	7255
152	470
152	7235
152	6670
152	7090
152	7295
152	470
152	7490
152	7515
152	370
152	7705
153	0
153	7480
153	270
153	7160
153	7155
153	7185
153	7495
153	7040
153	7395
153	7390
153	7335
153	7505
153	7125
153	670
153	7205
153	7425
153	470
153	7085
153	485
153	7375
153	470
153	7275
153	7170
153	7315
153	7285
153	185
153	7155
153	7495
153	445
153	7375
154	0
154	7370
154	440
154	7210
154	7875
154	7165
154	7385
154	7130
154	7340
154	7260
154	7355
154	7390
154	6905
154	285
154	7320
154	7330
154	530
154	7650
154	285
154	7240
154	470
154	7410
154	7090
154	7395
154	7270
154	275
154	7105
154	7250
154	470
154	7115
155	0
155	7165
155	180
155	7295
155	7565
155	7750
155	7250
155	7280
155	7315
155	7075
155	7500
155	7240
155	7115
155	670
155	7040
155	7260
155	555
155	7735
155	370
155	7440
155	185
155	7425
155	7320
155	7245
155	7325
155	370
155	7430
155	7135
155	370
155	7225
156	0
156	7180
156	190
156	7400
156	7620
156	7340
156	7470
156	7180
156	7295
156	7250
156	7420
156	7225
156	7325
156	0
156	7490
156	7415
156	950
156	7370
156	0
156	7345
156	575
156	7165
156	7410
156	7350
156	7235
156	185
156	7475
156	7255
156	745
156	7240
157	0
157	7340
157	270
157	7510
157	7335
157	7500
157	7275
157	7570
157	7325
157	7455
157	7270
157	7365
157	7505
157	375
157	7390
157	7300
157	85
157	7230
157	175
157	7210
157	560
157	7300
157	7400
157	7465
157	7115
157	270
157	7505
157	7545
157	185
157	7250
158	0
158	7380
158	90
158	7530
158	7710
158	7295
158	7200
158	7530
158	7450
158	7305
158	7245
158	7230
158	7360
158	970
158	7090
158	7460
158	470
158	7180
158	645
158	7285
158	575
158	7335
158	7440
158	7245
158	7305
158	275
158	7455
158	7370
158	360
158	7375
159	0
159	7200
159	450
159	7330
159	7540
159	7295
159	7395
159	6925
159	7205
159	7390
159	7505
159	7380
159	7175
159	460
159	7180
159	7045
159	275
159	7065
159	560
159	7475
159	185
159	7355
159	7170
159	7375
159	7085
159	370
159	7295
159	7460
159	470
159	7550
160	0
160	7610
160	90
160	7085
160	7360
160	7605
160	7145
160	7065
160	7180
160	7410
160	7415
160	7380
160	7405
160	185
160	7350
160	7080
160	485
160	7380
160	275
160	7355
160	270
160	7335
160	6910
160	7220
160	7150
160	560
160	7515
160	7495
160	275
160	7485
161	0
161	7555
161	255
161	7435
161	7400
161	7355
161	7450
161	7575
161	7480
161	7345
161	7585
161	7365
161	7490
161	185
161	7425
161	7315
161	370
161	7230
161	665
161	7330
161	275
161	7285
161	7475
161	7400
161	7455
161	575
161	7190
161	7375
161	560
161	7315
162	0
162	7145
162	460
162	7270
162	7525
162	7715
162	7505
162	7340
162	7540
162	7235
162	7695
162	7185
162	7510
162	185
162	7160
162	7480
162	745
162	7345
162	875
162	7175
162	370
162	7430
162	7290
162	7220
162	7420
162	370
162	7240
162	7255
162	370
162	7590
163	0
163	7405
163	270
163	7375
163	7310
163	7785
163	7305
163	7230
163	7545
163	7190
163	7490
163	7495
163	7330
163	685
163	7235
163	7220
163	530
163	7265
163	370
163	7225
163	270
163	7390
163	7010
163	7380
163	7215
163	85
163	7350
163	7355
163	175
163	7390
164	0
164	7385
164	175
164	7230
164	7600
164	7715
164	7395
164	7410
164	7230
164	7450
164	7570
164	7165
164	7580
164	970
164	7245
164	7375
164	845
164	7195
164	1485
164	7335
164	185
164	7280
164	7050
164	7315
164	7350
164	185
164	7345
164	7350
164	470
164	7420
165	0
165	7700
165	375
165	7285
165	7360
165	7310
165	7310
165	7540
165	7290
165	7375
165	7400
165	6845
165	7370
165	1585
165	7135
165	7430
165	555
165	7305
165	275
165	7230
165	275
165	7080
165	7145
165	7610
165	7280
165	660
165	7480
165	7465
165	370
165	7465
166	0
166	7040
166	190
166	7250
166	7670
166	7275
166	7300
166	7330
166	7315
166	7100
166	7675
166	7255
166	7320
166	275
166	7145
166	7330
166	470
166	7220
166	845
166	7260
166	550
166	7285
166	7030
166	7465
166	7430
166	270
166	6995
166	7460
166	575
166	7565
167	0
167	7215
167	185
167	7290
167	7150
167	7235
167	7285
167	7240
167	7510
167	7385
167	7530
167	7185
167	7460
167	85
167	7165
167	7220
167	470
167	7340
167	455
167	7495
167	560
167	7385
167	7200
167	7450
167	7175
167	645
167	7400
167	7255
167	470
167	7305
168	0
168	7165
168	85
168	7320
168	7490
168	7175
168	7425
168	7560
168	7300
168	7270
168	7240
168	6955
168	7125
168	185
168	7345
168	7080
168	185
168	7190
168	560
168	7570
168	275
168	7215
168	7120
168	7395
168	7165
168	555
168	7340
168	7200
168	85
168	7445
169	0
169	7320
169	275
169	7485
169	7585
169	7075
169	7205
169	7430
169	7460
169	7270
169	7390
169	7370
169	7140
169	1355
169	7470
169	7285
169	645
169	7330
169	385
169	7265
169	575
169	7400
169	7210
169	7320
169	7485
169	275
169	7110
169	7115
169	85
169	7450
170	0
170	7150
170	470
170	7335
170	7345
170	7300
170	7555
170	7255
170	7435
170	7200
170	7560
170	6995
170	7365
170	975
170	7280
170	7095
170	545
170	7500
170	1270
170	7460
170	575
170	7365
170	6925
170	7075
170	7105
170	175
170	7255
170	7230
170	370
170	7225
171	0
171	7305
171	180
171	7245
171	7330
171	7230
171	7435
171	7110
171	7260
171	7255
171	7520
171	7545
171	7045
171	275
171	7335
171	7535
171	275
171	7180
171	555
171	7350
171	370
171	7455
171	7280
171	7100
171	7150
171	370
171	7290
171	7285
171	470
171	7685
172	0
172	7405
172	270
172	7120
172	7410
172	7295
172	7370
172	7415
172	7130
172	7425
172	7205
172	7210
172	7090
172	470
172	7400
172	7440
172	455
172	7415
172	470
172	7530
172	470
172	7250
172	7250
172	7025
172	7205
172	560
172	7185
172	7130
172	660
172	7230
173	0
173	7410
173	185
173	7395
173	7405
173	7405
173	7170
173	7175
173	7135
173	7115
173	7235
173	7340
173	7240
173	275
173	7065
173	7205
173	460
173	7240
173	275
173	7410
173	470
173	7545
173	7295
173	7130
173	7140
173	185
173	6925
173	7135
173	470
173	7275
174	0
174	7350
174	360
174	7565
174	7255
174	7065
174	7260
174	7185
174	7520
174	7400
174	7210
174	7210
174	7255
174	370
174	7095
174	7215
174	275
174	7330
174	285
174	7540
174	270
174	6720
174	7545
174	7620
174	7400
174	185
174	7585
174	7510
174	470
174	7290
175	0
175	7330
175	190
175	7485
175	7375
175	7350
175	7310
175	7375
175	7310
175	7340
175	7255
175	7270
175	7050
175	1660
175	7270
175	7190
175	270
175	7535
175	85
175	7050
175	645
175	7320
175	6775
175	7315
175	7155
175	470
175	7010
175	7475
175	575
175	7270
176	0
176	7215
176	90
176	7125
176	7200
176	7410
176	7115
176	7225
176	7545
176	7350
176	7220
176	7700
176	7250
176	90
176	7260
176	7510
176	185
176	7420
176	360
176	7195
176	370
176	7370
176	7035
176	7450
176	7320
176	560
176	7510
176	7420
176	455
176	7290
177	0
177	7210
177	90
177	7310
177	7330
177	7210
177	7400
177	7045
177	7265
177	7315
177	7370
177	7225
177	6985
177	655
177	7235
177	7595
177	270
177	7250
177	470
177	7275
177	735
177	7485
177	6880
177	7285
177	7310
177	745
177	7300
177	7325
177	455
177	7365
178	0
178	7130
178	190
178	7335
178	7345
178	7290
178	7280
178	7280
178	7590
178	7380
178	7645
178	7225
178	7350
178	460
178	7310
178	7235
178	275
178	7295
178	275
178	7260
178	185
178	7365
178	7215
178	7330
178	7440
178	470
178	7710
178	7460
178	185
178	7410
179	0
179	7410
179	90
179	7225
179	7380
179	7250
179	7355
179	7060
179	7270
179	7350
179	7370
179	7200
179	7155
179	275
179	7170
179	7070
179	655
179	7170
179	1335
179	7210
179	275
179	7660
179	7535
179	7095
179	7295
179	370
179	7615
179	7345
179	575
179	7505
180	0
180	7220
180	445
180	7155
180	7360
180	7255
180	7355
180	7355
180	7485
180	7115
180	7395
180	7350
180	7315
180	275
180	7355
180	7330
180	175
180	7075
180	270
180	7180
180	370
180	7280
180	7505
180	7185
180	7415
180	370
180	7205
180	7235
180	470
180	7390
181	0
181	7545
181	370
181	7805
181	7525
181	7350
181	7285
181	7185
181	7230
181	7325
181	7330
181	6890
181	5380
181	385
181	7555
181	7380
181	580
181	7215
181	280
181	7615
181	470
181	7330
181	7185
181	7155
181	7490
181	375
181	7585
181	7065
181	270
181	7430
182	0
182	7275
182	270
182	7530
182	7610
182	7355
182	7410
182	7385
182	7295
182	7425
182	7170
182	7215
182	7395
182	440
182	7405
182	7670
182	480
182	7085
182	640
182	7520
182	375
182	7075
182	6795
182	7430
182	7280
182	575
182	7700
182	7275
182	460
182	7465
183	0
183	7235
183	275
183	7380
183	7410
183	7540
183	7375
183	6825
183	7490
183	7210
183	7050
183	7345
183	7170
183	570
183	7120
183	7165
183	375
183	7250
183	275
183	7330
183	190
183	7320
183	7290
183	7155
183	7415
183	560
183	6970
183	7340
183	460
183	7420
184	0
184	7695
184	370
184	7420
184	7190
184	7410
184	7610
184	7080
184	7465
184	7250
184	7340
184	7190
184	7635
184	465
184	7220
184	7360
184	655
184	7295
184	560
184	7300
184	750
184	7055
184	7195
184	7350
184	7160
184	185
184	7205
184	7235
184	745
184	7390
185	0
185	7170
185	455
185	7335
185	7335
185	7295
185	7175
185	7280
185	7340
185	7390
185	7200
185	7240
185	7095
185	270
185	7420
185	7400
185	375
185	7365
185	2370
185	7560
185	470
185	7510
185	6995
185	7440
185	7405
185	270
185	7530
185	7250
185	575
185	7340
186	0
186	7355
186	355
186	7450
186	7320
186	7635
186	7570
186	7280
186	7465
186	7210
186	7285
186	7170
186	7640
186	370
186	7410
186	7130
186	460
186	7530
186	1255
186	7060
186	370
186	7545
186	7605
186	7415
186	7455
186	175
186	7330
186	7290
186	270
186	7175
187	0
187	7665
187	90
187	7370
187	7335
187	7420
187	7260
187	7205
187	7430
187	7310
187	7350
187	7315
187	7375
187	190
187	6875
187	7350
187	370
187	7285
187	845
187	7205
187	555
187	7490
187	7435
187	7145
187	7255
187	560
187	7530
187	7290
187	370
187	7350
188	0
188	6975
188	360
188	7265
188	7250
188	7125
188	7330
188	7415
188	7395
188	7185
188	7365
188	7245
188	7215
188	370
188	7195
188	7460
188	470
188	7335
188	560
188	7565
188	470
188	7325
188	7335
188	7235
188	7115
188	375
188	7365
188	7675
188	655
188	7320
189	0
189	7235
189	380
189	7200
189	7250
189	7410
189	7450
189	7365
189	7630
189	7550
189	7700
189	7400
189	7420
189	470
189	7500
189	7455
189	470
189	7575
189	815
189	7325
189	470
189	7355
189	7480
189	7270
189	7320
189	545
189	7320
189	7430
189	175
189	7300
190	0
190	7240
190	90
190	7235
190	7205
190	7150
190	7310
190	7360
190	7275
190	7335
190	7435
190	7240
190	7750
190	560
190	7215
190	7345
190	375
190	7550
190	915
190	7375
190	85
190	7300
190	7050
190	7750
190	7510
190	560
190	7195
190	7190
190	370
190	7380
191	0
191	7195
191	445
191	7335
191	7210
191	7245
191	7335
191	6965
191	7355
191	7225
191	7365
191	7210
191	7300
191	185
191	7245
191	7185
191	275
191	7275
191	1420
191	7335
191	190
191	7340
191	6630
191	7265
191	7230
191	470
191	7100
191	7325
191	455
191	7360
192	0
192	7545
192	740
192	7450
192	7220
192	7275
192	7425
192	7580
192	7480
192	7310
192	7320
192	7230
192	7225
192	370
192	7335
192	7225
192	360
192	7675
192	270
192	7135
192	370
192	7135
192	7270
192	7365
192	7210
192	185
192	7105
192	7215
192	545
192	7375
193	0
193	7425
193	90
193	7510
193	7470
193	7305
193	7520
193	7025
193	7280
193	7115
193	7290
193	7470
193	7400
193	575
193	7330
193	7265
193	355
193	7185
193	660
193	7300
193	170
193	7410
193	7585
193	7325
193	7185
193	560
193	7405
193	7235
193	170
193	7460
194	0
194	7265
194	730
194	7330
194	7545
194	7230
194	7440
194	7095
194	7310
194	7485
194	7630
194	7165
194	7285
194	370
194	7350
194	7280
194	470
194	7350
194	275
194	7440
194	370
194	7285
194	7175
194	7415
194	7410
194	470
194	7365
194	7345
194	270
194	7385
195	0
195	7390
195	270
195	7280
195	7335
195	7830
195	7100
195	7540
195	7245
195	6975
195	7075
195	7210
195	7260
195	370
195	7420
195	7395
195	280
195	7395
195	830
195	7440
195	380
195	7260
195	7190
195	7150
195	7320
195	445
195	7200
195	7355
195	270
195	7210
196	0
196	7340
196	270
196	7375
196	7220
196	7235
196	7600
196	7285
196	7490
196	7380
196	7410
196	7280
196	7610
196	640
196	7325
196	7470
196	185
196	7095
196	830
196	7275
196	375
196	7300
196	7405
196	7240
196	7220
196	455
196	7615
196	7505
196	185
196	7525
197	0
197	7210
197	90
197	7235
197	7205
197	7385
197	7355
197	7500
197	7190
197	7680
197	7320
197	7260
197	7420
197	90
197	7340
197	7320
197	660
197	7400
197	660
197	7125
197	370
197	7590
197	7645
197	7345
197	7450
197	370
197	7155
197	7075
197	560
197	7355
198	0
198	7255
198	270
198	7225
198	7215
198	7270
198	7090
198	7100
198	7340
198	7150
198	7635
198	7080
198	7470
198	470
198	7310
198	7425
198	470
198	7310
198	570
198	7245
198	370
198	7505
198	7085
198	7440
198	7240
198	950
198	7620
198	7380
198	555
198	7425
199	0
199	7270
199	380
199	7420
199	7145
199	7440
199	7210
199	7180
199	7325
199	7275
199	7415
199	7195
199	7225
199	370
199	7330
199	7240
199	470
199	7270
199	185
199	7340
199	470
199	7330
199	7405
199	7465
199	7275
199	470
199	7425
199	7330
199	555
199	7510
200	185
200	7195
200	370
200	7295
200	7605
200	7155
200	7390
200	7300
200	7645
200	7450
200	7295
200	7605
200	7250
200	470
200	7130
200	7270
200	460
200	7045
200	375
200	7225
200	370
200	7185
200	7255
200	7205
200	7235
200	950
200	7440
200	7100
200	270
200	7320
201	0
201	7370
201	375
201	7255
201	7385
201	7250
201	7705
201	7330
201	7310
201	7390
201	7495
201	7210
201	7215
201	285
201	7375
201	7230
201	3285
201	7445
201	660
201	7260
201	270
201	7070
201	7430
201	7520
201	7150
201	370
201	7130
201	7490
201	670
201	7335
202	0
202	7400
202	270
202	7315
202	7380
202	7345
202	7305
202	7255
202	7440
202	7355
202	7335
202	7470
202	7225
202	1185
202	7355
202	7475
202	1435
202	7310
202	735
202	7415
202	275
202	7305
202	7165
202	7240
202	7175
202	360
202	7615
202	7390
202	370
202	7350
203	0
203	7385
203	185
203	7355
203	7400
203	7215
203	7345
203	7210
203	7530
203	7290
203	7210
203	7195
203	7275
203	555
203	7275
203	7340
203	5065
203	7245
203	660
203	7565
203	285
203	7125
203	6975
203	7380
203	7185
203	845
203	6855
203	7070
203	560
203	7135
204	0
204	7395
204	175
204	7350
204	7290
204	7320
204	7275
204	7215
204	7405
204	7375
204	7280
204	7310
204	7345
204	185
204	7320
204	7165
204	5880
204	7310
204	185
204	7380
204	655
204	7270
204	7380
204	7300
204	7025
204	90
204	7145
204	7465
204	845
204	7450
205	0
205	7300
205	170
205	7425
205	7200
205	7620
205	7235
205	7230
205	7505
205	7315
205	7230
205	7305
205	7330
205	370
205	7535
205	7270
205	6245
205	7415
205	470
205	7440
205	185
205	7025
205	7250
205	7255
205	7150
205	380
205	7225
205	7295
205	370
205	7270
206	0
206	7425
206	510
206	7635
206	7345
206	7475
206	7430
206	7330
206	7700
206	7130
206	7285
206	7225
206	7095
206	555
206	7575
206	7390
206	6410
206	7550
206	560
206	7390
206	670
206	7370
206	7105
206	7450
206	7370
206	170
206	7125
206	7250
206	355
206	7810
207	0
207	7195
207	355
207	7490
207	7405
207	7510
207	7650
207	7295
207	7505
207	7490
207	7450
207	7300
207	7705
207	470
207	7280
207	7425
207	7205
207	7240
207	660
207	7620
207	270
207	7220
207	6745
207	7475
207	7400
207	275
207	7615
207	7555
207	375
207	7410
208	0
208	7350
208	270
208	7270
208	7495
208	7220
208	7170
208	7265
208	7310
208	7370
208	7500
208	6790
208	7225
208	470
208	7405
208	7370
208	6410
208	7320
208	485
208	7350
208	380
208	7540
208	7310
208	7315
208	7310
208	270
208	7240
208	7400
208	185
208	7195
209	0
209	7450
209	565
209	7570
209	7265
209	7315
209	7195
209	7555
209	7230
209	7360
209	7510
209	7280
209	7385
209	270
209	6875
209	7135
209	7490
209	7050
209	375
209	7355
209	370
209	7795
209	7175
209	7790
209	7335
209	270
209	7090
209	7535
209	470
209	7360
210	0
210	7340
210	470
210	7390
210	7615
210	7285
210	7250
210	7260
210	7240
210	7270
210	7425
210	7515
210	7355
210	470
210	7175
210	7495
210	7250
210	7195
210	370
210	7225
210	560
210	7345
210	7115
210	7105
210	7350
210	475
210	7100
210	7240
210	470
210	7290
211	0
211	7105
211	1795
211	7295
211	7370
211	7305
211	7435
211	7280
211	7225
211	7430
211	7065
211	7025
211	7280
211	1180
211	7295
211	7255
211	7010
211	7365
211	370
211	7530
211	190
211	7140
211	6905
211	6900
211	7180
211	560
211	7255
211	7300
211	560
211	7425
212	0
212	7690
212	7025
212	7685
212	7295
212	7465
212	7305
212	7190
212	7290
212	7455
212	7310
212	7025
212	7120
212	675
212	7455
212	7520
212	6850
212	7260
212	270
212	7300
212	470
212	7415
212	6980
212	7215
212	7490
212	190
212	6835
212	7200
212	795
212	7490
213	0
213	7305
213	7460
213	7400
213	7490
213	7215
213	7265
213	7290
213	7380
213	7180
213	7565
213	7255
213	7050
213	1185
213	7155
213	7150
213	7065
213	7170
213	370
213	7435
213	760
213	7320
213	7505
213	7215
213	7035
213	270
213	7215
213	7195
213	575
213	7250
214	0
214	7590
214	7230
214	7410
214	7310
214	7450
214	7325
214	7135
214	7550
214	7405
214	7685
214	7185
214	7275
214	170
214	7175
214	7440
214	7410
214	7120
214	275
214	7550
214	280
214	7275
214	7385
214	7320
214	6910
214	550
214	7145
214	7170
214	630
214	7240
215	0
215	7275
215	7470
215	7240
215	7580
215	7410
215	7570
215	7260
215	7590
215	7405
215	7455
215	7335
215	7305
215	455
215	7035
215	7360
215	7205
215	7145
215	470
215	7485
215	660
215	7185
215	6885
215	7125
215	7270
215	550
215	7230
215	7325
215	270
215	7305
216	0
216	7475
216	7620
216	7540
216	7515
216	7250
216	7565
216	7050
216	7315
216	7410
216	7360
216	7285
216	7335
216	560
216	7355
216	7200
216	7355
216	7520
216	270
216	7120
216	470
216	7185
216	4030
216	7305
216	7255
216	470
216	7430
216	7425
216	470
216	7320
217	0
217	7225
217	7185
217	7365
217	7040
217	7310
217	7455
217	7720
217	7275
217	7425
217	7240
217	7150
217	7255
217	365
217	7330
217	7355
217	7165
217	7640
217	470
217	7450
217	470
217	7205
217	6885
217	7380
217	7355
217	575
217	7385
217	7425
217	370
217	7495
218	0
218	7260
218	7385
218	7845
218	7305
218	7515
218	7255
218	7545
218	7265
218	7190
218	7435
218	7540
218	7550
218	275
218	7380
218	7310
218	7250
218	7220
218	185
218	7510
218	460
218	7240
218	7315
218	7360
218	7185
218	370
218	7195
218	7370
218	1005
218	7280
219	0
219	7215
219	7470
219	7305
219	7320
219	7505
219	7390
219	7030
219	7245
219	7435
219	7195
219	7220
219	7460
219	370
219	7285
219	7355
219	7445
219	7240
219	270
219	7440
219	570
219	7150
219	7345
219	7385
219	7085
219	270
219	7235
219	7280
219	2075
219	7185
220	0
220	7370
220	7240
220	7015
220	7300
220	7195
220	7215
220	7260
220	7565
220	7670
220	7305
220	7205
220	7195
220	270
220	7585
220	7230
220	7660
220	7200
220	0
220	7335
220	455
220	7250
220	7250
220	7545
220	7155
220	185
220	7100
220	7705
220	3055
220	7235
221	880
221	7455
221	7455
221	7670
221	7170
221	7310
221	7350
221	7350
221	7345
221	7185
221	7645
221	7140
221	7150
221	485
221	7270
221	7370
221	7215
221	7410
221	275
221	7460
221	185
221	7490
221	7175
221	7555
221	7280
221	85
221	7200
221	7355
221	6345
221	7100
222	585
222	7490
222	7555
222	7205
222	7165
222	7595
222	7230
222	7340
222	7350
222	7575
222	7380
222	7565
222	7445
222	555
222	7095
222	7165
222	7155
222	7145
222	285
222	7510
222	845
222	7290
222	7345
222	7325
222	7180
222	270
222	7075
222	7540
222	7040
222	7595
223	185
223	7685
223	7230
223	7210
223	7275
223	7415
223	7695
223	7440
223	7285
223	7255
223	7490
223	7335
223	7200
223	660
223	7020
223	7380
223	7120
223	7380
223	270
223	7415
223	370
223	7585
223	6975
223	7345
223	7390
223	275
223	7430
223	7180
223	7220
223	7390
224	270
224	7345
224	7450
224	7585
224	7380
224	7445
224	7225
224	7185
224	7515
224	7165
224	7305
224	7400
224	7410
224	385
224	7070
224	7300
224	7485
224	7485
224	440
224	6995
224	385
224	7165
224	7370
224	7250
224	7055
224	665
224	7180
224	7110
224	6690
224	7205
225	380
225	7220
225	7260
225	7300
225	7365
225	7675
225	7250
225	7310
225	7155
225	7385
225	7480
225	7275
225	7205
225	570
225	7340
225	7240
225	7485
225	7225
225	860
225	7320
225	275
225	7495
225	7060
225	7435
225	7225
225	275
225	7360
225	7260
225	7180
225	7415
226	285
226	7380
226	7565
226	7125
226	7350
226	7415
226	7575
226	7120
226	7200
226	7115
226	7350
226	7375
226	7300
226	370
226	7355
226	7465
226	7045
226	7070
226	560
226	7145
226	170
226	7150
226	7410
226	7295
226	7440
226	275
226	7390
226	7370
226	7225
226	7455
227	570
227	7275
227	7695
227	7505
227	7205
227	7120
227	7255
227	7195
227	7365
227	7340
227	7435
227	7545
227	7515
227	460
227	7280
227	7410
227	7460
227	7305
227	550
227	7215
227	460
227	7305
227	7080
227	7485
227	7315
227	185
227	7425
227	7325
227	6860
227	7295
228	570
228	7525
228	7340
228	7025
228	7535
228	7535
228	7140
228	7255
228	7295
228	7335
228	7550
228	7115
228	7290
228	175
228	7185
228	7360
228	7270
228	7355
228	830
228	7365
228	370
228	7545
228	7415
228	7445
228	7265
228	475
228	7455
228	7325
228	7215
228	7250
229	380
229	7510
229	7525
229	7335
229	7570
229	7260
229	7210
229	7470
229	7710
229	7545
229	7450
229	7820
229	7460
229	460
229	7155
229	7235
229	7325
229	7360
229	830
229	7435
229	2740
229	7310
229	7570
229	7160
229	6915
229	550
229	7230
229	7360
229	7555
229	7275
230	480
230	7210
230	7480
230	7130
230	7415
230	7290
230	7190
230	6995
230	7190
230	7510
230	7330
230	7760
230	7380
230	370
230	7230
230	7480
230	7405
230	7550
230	640
230	7310
230	470
230	7395
230	7220
230	7295
230	7335
230	355
230	7275
230	7340
230	7035
230	7500
231	950
231	7365
231	7420
231	7525
231	7335
231	7655
231	7615
231	7335
231	7645
231	7470
231	7395
231	7245
231	7440
231	1185
231	7305
231	7385
231	7260
231	7350
231	370
231	7200
231	460
231	7255
231	7335
231	7275
231	7350
231	355
231	7140
231	7475
231	7090
231	7325
232	760
232	7185
232	7290
232	7490
232	7255
232	7155
232	7380
232	7215
232	7415
232	7325
232	7200
232	7140
232	7790
232	1545
232	7465
232	7160
232	7280
232	7250
232	370
232	7415
232	280
232	7140
232	6970
232	7285
232	7405
232	560
232	7220
232	7285
232	7355
232	7615
233	480
233	7435
233	7120
233	7480
233	7220
233	7115
233	7425
233	7065
233	7165
233	7330
233	7515
233	7405
233	7225
233	470
233	7415
233	7260
233	7265
233	7655
233	375
233	7275
233	270
233	7140
233	7620
233	7480
233	7370
233	470
233	7295
233	7285
233	7370
233	7315
234	475
234	7210
234	7440
234	7560
234	7380
234	7235
234	7130
234	7225
234	7165
234	7425
234	7370
234	7405
234	7600
234	370
234	7560
234	7180
234	7165
234	7260
234	390
234	7285
234	85
234	7530
234	7240
234	7285
234	7115
234	455
234	7395
234	7280
234	7445
234	7200
235	380
235	7275
235	7250
235	7195
235	7135
235	7165
235	7215
235	7400
235	7375
235	7275
235	7390
235	7295
235	7295
235	370
235	7430
235	7335
235	7235
235	7325
235	190
235	7275
235	950
235	7250
235	7490
235	7525
235	7255
235	455
235	7260
235	7410
235	6895
235	7150
236	370
236	7430
236	7395
236	7365
236	7475
236	7160
236	7495
236	7460
236	7890
236	7270
236	7180
236	7410
236	7085
236	370
236	7280
236	7345
236	7305
236	7280
236	470
236	7320
236	845
236	7295
236	7155
236	7440
236	7360
236	925
236	7465
236	7145
236	7290
236	7210
237	270
237	7385
237	7550
237	7060
237	7315
237	7170
237	7265
237	7330
237	7245
237	7315
237	7410
237	7245
237	7425
237	185
237	7165
237	7330
237	7400
237	7220
237	280
237	7145
237	370
237	7330
237	7075
237	7175
237	7545
237	750
237	7375
237	7455
237	7120
237	7255
238	370
238	7325
238	7400
238	7410
238	7345
238	7700
238	7325
238	7295
238	7455
238	7460
238	7730
238	7485
238	7320
238	275
238	7695
238	7275
238	7425
238	7235
238	470
238	7240
238	470
238	7595
238	7200
238	7240
238	7290
238	550
238	7190
238	7470
238	7190
238	7315
239	470
239	7160
239	7295
239	7265
239	7415
239	7470
239	7515
239	7300
239	7250
239	7365
239	7340
239	7460
239	7370
239	185
239	7570
239	7310
239	7300
239	7405
239	285
239	7260
239	275
239	7700
239	6915
239	7200
239	7510
239	455
239	7600
239	7375
239	7355
239	7360
240	255
240	7305
240	7435
240	7655
240	7365
240	7260
240	7260
240	7220
240	7980
240	7420
240	7420
240	7225
240	7355
240	375
240	7240
240	7390
240	7245
240	7280
240	540
240	7180
240	910
240	7570
240	7095
240	7195
240	7355
240	555
240	7340
240	7375
240	7350
240	7270
241	180
241	7130
241	7350
241	7600
241	7335
241	7540
241	7440
241	7365
241	7575
241	7535
241	7265
241	7290
241	7295
241	370
241	7360
241	6980
241	7325
241	7665
241	375
241	7225
241	175
241	7385
241	7455
241	7200
241	7665
241	455
241	7220
241	7205
241	7090
241	7645
242	170
242	7285
242	7420
242	7225
242	7440
242	7115
242	7375
242	7110
242	7320
242	7525
242	7525
242	7245
242	7250
242	375
242	7280
242	7435
242	7210
242	7255
242	950
242	7550
242	475
242	7325
242	7205
242	7570
242	7275
242	550
242	7390
242	7450
242	7195
242	7440
243	270
243	7215
243	7575
243	7215
243	7365
243	7310
243	7335
243	7290
243	7490
243	7475
243	7305
243	7215
243	7550
243	270
243	7240
243	7315
243	7145
243	7310
243	540
243	7200
243	585
243	7225
243	7230
243	7215
243	7245
243	470
243	7425
243	7495
243	7175
243	7515
244	270
244	7100
244	7230
244	7330
244	7360
244	7375
244	7405
244	7270
244	7185
244	7205
244	7640
244	7395
244	7295
244	375
244	7095
244	7315
244	7310
244	7235
244	275
244	7240
244	185
244	7335
244	7160
244	7360
244	7380
244	575
244	7390
244	7200
244	7355
244	7305
245	180
245	7170
245	7395
245	7165
245	7125
245	7110
245	7520
245	7120
245	7355
245	7245
245	7365
245	7245
245	7580
245	470
245	7100
245	7460
245	7545
245	7420
245	185
245	7475
245	1170
245	7305
245	7265
245	7535
245	7355
245	1190
245	7260
245	7465
245	7315
245	7530
246	370
246	7180
246	7525
246	7310
246	7145
246	7305
246	7540
246	6830
246	7380
246	7420
246	7425
246	7120
246	7440
246	185
246	7455
246	7395
246	7335
246	7415
246	185
246	7360
246	185
246	7485
246	6830
246	7675
246	7390
246	820
246	6915
246	7165
246	7260
246	7340
247	90
247	7230
247	7530
247	7320
247	7410
247	7345
247	7045
247	7180
247	7240
247	7215
247	7005
247	7300
247	7225
247	650
247	7225
247	7305
247	7295
247	7360
247	175
247	7260
247	370
247	7415
247	6965
247	7180
247	7325
247	6385
247	7165
247	7185
247	7400
247	7375
248	175
248	7310
248	7385
248	7415
248	7400
248	7330
248	7355
248	7330
248	7350
248	7285
248	7240
248	7340
248	7240
248	470
248	7585
248	7390
248	7695
248	7195
248	830
248	7405
248	460
248	7260
248	7165
248	7180
248	7245
248	7190
248	7265
248	7380
248	7270
248	7325
249	375
249	7125
249	7225
249	7635
249	7435
249	7065
249	7110
249	7160
249	7150
249	7330
249	7650
249	7590
249	7425
249	470
249	7255
249	7560
249	7235
249	6980
249	185
249	7325
249	2445
249	7440
249	7530
249	7205
249	7510
249	6840
249	7395
249	7280
249	7240
249	7225
250	175
250	7255
250	7215
250	7245
250	7250
250	7400
250	7250
250	7375
250	7275
250	7340
250	7260
250	7315
250	7270
250	270
250	7165
250	7350
250	7240
250	7380
250	930
250	7295
250	175
250	7465
250	7110
250	7510
250	7300
250	6770
250	7295
250	7445
250	7085
250	7190
251	270
251	7480
251	7405
251	7285
251	7255
251	7250
251	7200
251	7425
251	7200
251	7185
251	7220
251	7325
251	7580
251	85
251	7425
251	7335
251	7135
251	7260
251	370
251	7265
251	185
251	7220
251	6975
251	7170
251	7335
251	7040
251	7450
251	7225
251	7180
251	7175
252	90
252	7350
252	7145
252	7265
252	7090
252	7580
252	7250
252	7500
252	7395
252	7250
252	7315
252	7440
252	7300
252	270
252	7330
252	7420
252	6995
252	6945
252	470
252	7275
252	1415
252	7400
252	7075
252	7175
252	7475
252	7330
252	7155
252	7380
252	7145
252	7400
253	265
253	7680
253	7315
253	7355
253	7225
253	7185
253	7460
253	7140
253	7285
253	7420
253	7225
253	7440
253	7265
253	1370
253	7260
253	7415
253	7120
253	7075
253	570
253	7330
253	360
253	7410
253	7015
253	7220
253	7250
253	7370
253	7245
253	7380
253	7170
253	7455
254	370
254	7075
254	7240
254	7500
254	7190
254	7445
254	7395
254	7225
254	7210
254	7135
254	7505
254	7065
254	7275
254	375
254	7295
254	7325
254	7375
254	7160
254	370
254	7540
254	1485
254	7215
254	7475
254	7285
254	7420
254	6885
254	7280
254	7070
254	7325
254	7245
255	375
255	7205
255	7445
255	7405
255	7040
255	7385
255	7340
255	7455
255	7390
255	7165
255	7380
255	7175
255	7295
255	185
255	7180
255	7660
255	7325
255	7530
255	460
255	7365
255	375
255	7520
255	7400
255	7485
255	7245
255	7455
255	7075
255	7445
255	7185
255	7340
256	175
256	7035
256	7235
256	7140
256	7375
256	7280
256	7245
256	7265
256	7240
256	7400
256	7375
256	7005
256	7615
256	370
256	7280
256	7450
256	7145
256	7395
256	930
256	7290
256	90
256	7005
256	7245
256	7245
256	7310
256	6910
256	7170
256	7370
256	7025
256	7155
257	270
257	7325
257	7230
257	7485
257	7640
257	7245
257	7245
257	7465
257	7315
257	7295
257	7195
257	7150
257	7485
257	275
257	7540
257	7440
257	7325
257	7460
257	555
257	7225
257	85
257	7240
257	7140
257	7260
257	7255
257	7060
257	7195
257	7385
257	7445
257	7490
258	270
258	7305
258	7480
258	7485
258	7035
258	7460
258	7325
258	7290
258	7595
258	7295
258	7220
258	6985
258	7145
258	385
258	7095
258	7350
258	7295
258	7205
258	465
258	7465
258	275
258	7365
258	7065
258	7050
258	7115
258	6465
258	7195
258	7205
258	7455
258	7250
259	540
259	7270
259	7300
259	7265
259	7095
259	7190
259	7345
259	7190
259	7475
259	7225
259	7260
259	7215
259	7555
259	455
259	7390
259	7420
259	7150
259	7295
259	570
259	7445
259	460
259	7260
259	6860
259	7270
259	7345
259	6700
259	7170
259	7365
259	7555
259	7210
260	270
260	7520
260	7345
260	7330
260	7215
260	7305
260	7230
260	7230
260	7525
260	7300
260	7390
260	7410
260	7405
260	1630
260	7275
260	7425
260	7295
260	7345
260	455
260	7345
260	1385
260	7325
260	6955
260	7045
260	7110
260	7115
260	7550
260	7445
260	7200
260	7320
261	360
261	7325
261	7660
261	7265
261	7665
261	7595
261	7310
261	7275
261	7905
261	7295
261	7200
261	7440
261	7370
261	460
261	7365
261	7260
261	7205
261	7160
261	370
261	7350
261	375
261	7355
261	7110
261	6970
261	7365
261	7160
261	6945
261	7355
261	7315
261	7330
262	275
262	7665
262	7260
262	7320
262	7560
262	7330
262	7270
262	7415
262	7465
262	7355
262	7300
262	7420
262	7255
262	455
262	7315
262	7230
262	7325
262	7290
262	940
262	7155
262	375
262	7030
262	7195
262	7485
262	7140
262	7025
262	7525
262	7360
262	7595
262	7235
263	270
263	7145
263	7490
263	7535
263	7360
263	7560
263	7560
263	7245
263	7185
263	7225
263	7390
263	7285
263	7385
263	830
263	7455
263	7370
263	7165
263	7535
263	275
263	7495
263	570
263	7185
263	6920
263	7390
263	7205
263	7315
263	7355
263	7225
263	7265
263	7365
264	175
264	7320
264	7500
264	7255
264	7355
264	7340
264	7450
264	8015
264	7135
264	7395
264	7220
264	7140
264	7570
264	360
264	7295
264	7600
264	7330
264	7490
264	370
264	7540
264	185
264	7250
264	7400
264	6995
264	7350
264	7405
264	7060
264	7195
264	7280
264	7540
265	90
265	7585
265	7545
265	7405
265	7400
265	7395
265	7530
265	7150
265	7165
265	7490
265	7355
265	7175
265	7735
265	470
265	7545
265	7000
265	7310
265	7330
265	275
265	7495
265	375
265	7335
265	7185
265	7325
265	7300
265	7150
265	7370
265	7315
265	7320
265	7295
266	270
266	7670
266	7295
266	7120
266	7385
266	7580
266	7325
266	7140
266	7575
266	7645
266	7420
266	7290
266	7375
266	380
266	7160
266	7385
266	7295
266	7195
266	275
266	7330
266	815
266	7205
266	7120
266	7400
266	7220
266	7620
266	7395
266	7345
266	7065
266	7200
267	85
267	7555
267	7245
267	7420
267	7255
267	7495
267	7200
267	7235
267	7150
267	7530
267	7385
267	7330
267	7455
267	270
267	7340
267	7305
267	7235
267	7235
267	275
267	7570
267	175
267	7325
267	7325
267	7395
267	7305
267	6995
267	6925
267	7415
267	7450
267	7385
268	275
268	7235
268	7430
268	7295
268	7390
268	7045
268	7140
268	7105
268	7425
268	7475
268	7290
268	7355
268	7275
268	370
268	7270
268	7500
268	7285
268	7235
268	360
268	7080
268	85
268	7470
268	7300
268	7145
268	7505
268	7395
268	7180
268	7225
268	7195
268	7380
269	365
269	7385
269	7375
269	7180
269	7260
269	7410
269	7280
269	7100
269	7255
269	7500
269	7460
269	7370
269	7615
269	270
269	7310
269	7345
269	7310
269	7320
269	850
269	7320
269	275
269	7315
269	7735
269	7560
269	7385
269	7305
269	6955
269	7240
269	7265
269	7260
270	370
270	7490
270	7195
270	7300
270	7485
270	7445
270	7310
270	7320
270	7265
270	7295
270	7115
270	7425
270	7255
270	285
270	7230
270	7195
270	7315
270	7155
270	950
270	7395
270	660
270	7380
270	7420
270	7205
270	7230
270	6950
270	7230
270	6985
270	7345
270	7390
271	265
271	7765
271	7550
271	7230
271	7255
271	7145
271	7060
271	7270
271	7495
271	7320
271	7305
271	7175
271	7495
271	285
271	7775
271	6300
271	6895
271	7360
271	845
271	7380
271	1190
271	7005
271	7585
271	7380
271	7245
271	7370
271	7455
271	7300
271	7085
271	7390
272	275
272	7185
272	7330
272	7310
272	7185
272	7400
272	7150
272	7425
272	7385
272	7315
272	7510
272	7405
272	7315
272	185
272	7305
272	7135
272	7070
272	7385
272	370
272	7265
272	685
272	7485
272	7230
272	7240
272	7495
272	7140
272	7320
272	7160
272	7330
272	7135
273	90
273	7285
273	7255
273	7370
273	7360
273	7070
273	7795
273	7155
273	7165
273	7295
273	7555
273	7280
273	7405
273	925
273	7480
273	7380
273	7095
273	7250
273	675
273	7520
273	370
273	7395
273	7470
273	7580
273	7270
273	7420
273	7400
273	7105
273	7640
273	7270
274	270
274	7210
274	7335
274	7245
274	7325
274	7220
274	7255
274	7235
274	7385
274	7480
274	7210
274	7345
274	7230
274	375
274	7085
274	7605
274	7330
274	7480
274	90
274	7380
274	85
274	7390
274	7140
274	7145
274	7415
274	7505
274	7265
274	7185
274	7045
274	7505
275	180
275	7385
275	7280
275	7735
275	7550
275	7575
275	7225
275	6900
275	7230
275	7435
275	7280
275	7290
275	7340
275	385
275	7290
275	7325
275	7090
275	7495
275	190
275	7405
275	385
275	7205
275	6860
275	7725
275	7575
275	7080
275	7845
275	7310
275	7405
275	7060
276	370
276	7155
276	7485
276	7290
276	7520
276	7495
276	7295
276	7405
276	7745
276	7030
276	7195
276	7535
276	7485
276	385
276	7420
276	7115
276	7430
276	7235
276	830
276	7445
276	470
276	7415
276	7240
276	7465
276	7480
276	7395
276	7155
276	7300
276	7255
276	7190
277	85
277	7560
277	7245
277	7485
277	7565
277	7415
277	7180
277	7130
277	7310
277	7340
277	7560
277	7445
277	7230
277	455
277	7545
277	7275
277	7285
277	7440
277	380
277	7115
277	85
277	7370
277	7160
277	7350
277	7385
277	6995
277	7125
277	7285
277	7215
277	7400
278	270
278	7280
278	7510
278	7615
278	7210
278	7000
278	7200
278	7345
278	7380
278	7160
278	7390
278	7195
278	7325
278	635
278	7120
278	7285
278	7370
278	7060
278	825
278	7280
278	285
278	7415
278	7435
278	7200
278	7240
278	7290
278	7175
278	7310
278	7555
278	7490
279	375
279	7195
279	7125
279	6575
279	7350
279	7340
279	7730
279	7245
279	7235
279	7390
279	7265
279	7205
279	7515
279	570
279	7095
279	7195
279	7285
279	7340
279	370
279	7305
279	485
279	7210
279	7375
279	7365
279	7280
279	7210
279	7310
279	7290
279	7295
279	7125
280	375
280	7215
280	7575
280	7500
280	7200
280	7310
280	7240
280	7250
280	7210
280	7310
280	7340
280	7315
280	7195
280	370
280	7150
280	7395
280	7255
280	7855
280	360
280	7320
280	285
280	7360
280	7425
280	7105
280	7430
280	7435
280	7295
280	7465
280	7230
280	7425
281	355
281	7385
281	7805
281	7615
281	7260
281	7380
281	7355
281	7300
281	7165
281	7185
281	7540
281	7420
281	7035
281	370
281	7505
281	7370
281	7295
281	7440
281	470
281	7235
281	365
281	7220
281	7355
281	7025
281	7175
281	7455
281	7295
281	7190
281	7335
281	7260
282	175
282	7375
282	7410
282	7410
282	7380
282	7410
282	7155
282	7170
282	7500
282	7310
282	7570
282	7615
282	7500
282	385
282	7120
282	7245
282	7445
282	7340
282	1130
282	7315
282	370
282	7475
282	7290
282	7290
282	7250
282	6730
282	7285
282	7080
282	7495
282	7250
283	270
283	7185
283	7475
283	7360
283	7765
283	7500
283	7390
283	7505
283	7595
283	7255
283	7705
283	7215
283	7460
283	370
283	7335
283	7335
283	7165
283	7430
283	270
283	7175
283	365
283	7445
283	7325
283	7230
283	7325
283	7120
283	7725
283	7245
283	6980
283	7335
284	85
284	7295
284	7190
284	7040
284	7505
284	7245
284	7210
284	7310
284	7545
284	7600
284	7460
284	7245
284	7075
284	840
284	7300
284	7300
284	7330
284	7440
284	370
284	7395
284	275
284	7390
284	7320
284	7310
284	7375
284	6885
284	7735
284	7275
284	7115
284	7165
285	270
285	7505
285	7285
285	7380
285	7195
285	7315
285	7290
285	7470
285	7240
285	7240
285	7440
285	7435
285	7290
285	575
285	7430
285	7585
285	7365
285	7220
285	910
285	7515
285	285
285	7500
285	7665
285	7540
285	7185
285	7270
285	7110
285	7390
285	7400
285	7460
286	270
286	7140
286	7420
286	7525
286	7500
286	7375
286	7155
286	7575
286	7455
286	7325
286	7420
286	7485
286	7125
286	570
286	7280
286	7215
286	7465
286	7300
286	2355
286	7145
286	385
286	6870
286	7190
286	7265
286	7390
286	7555
286	7200
286	7260
286	7340
286	7265
287	270
287	7455
287	7280
287	7470
287	7640
287	7250
287	7335
287	7285
287	7505
287	7495
287	7610
287	7290
287	7240
287	570
287	7305
287	7455
287	7410
287	7430
287	470
287	7370
287	185
287	7355
287	7140
287	7425
287	7235
287	7170
287	7300
287	7115
287	7165
287	7285
288	375
288	7200
288	7705
288	7380
288	7245
288	7275
288	7440
288	7210
288	7390
288	7190
288	7350
288	7320
288	7500
288	185
288	7210
288	7290
288	7920
288	7300
288	660
288	7210
288	185
288	7335
288	7070
288	7540
288	7345
288	6820
288	7475
288	7440
288	6990
288	7175
289	375
289	7480
289	7390
289	7365
289	7275
289	7360
289	7195
289	6925
289	7250
289	7125
289	7190
289	7310
289	7440
289	1170
289	7360
289	7365
289	7305
289	7385
289	660
289	7245
289	385
289	7715
289	7240
289	7715
289	7390
289	7310
289	6910
289	7585
289	7055
289	7370
290	270
290	7570
290	7215
290	7430
290	7320
290	7320
290	7200
290	7370
290	7525
290	7320
290	7435
290	7340
290	7150
290	485
290	7385
290	7140
290	7370
290	7565
290	275
290	7385
290	385
290	7570
290	7240
290	7335
290	7495
290	7470
290	7255
290	7360
290	7440
290	7205
291	185
291	7185
291	7430
291	7185
291	7600
291	7435
291	7235
291	7465
291	7210
291	7370
291	7375
291	7280
291	7530
291	1310
291	7455
291	7200
291	7180
291	7325
291	830
291	7315
291	385
291	7020
291	7045
291	7190
291	7315
291	6810
291	6940
291	7290
291	7525
291	7320
292	270
292	7215
292	7240
292	7255
292	7345
292	7775
292	7270
292	7525
292	7405
292	7200
292	7295
292	7415
292	7195
292	1735
292	7310
292	7465
292	7200
292	7190
292	6985
292	7240
292	285
292	7355
292	7280
292	7240
292	7420
292	7190
292	7095
292	7310
292	7345
292	7330
293	90
293	7395
293	7455
293	7525
293	7315
293	7380
293	7290
293	7585
293	7235
293	7290
293	7270
293	7080
293	7375
293	1705
293	7495
293	7285
293	7300
293	7400
293	7155
293	7325
293	0
293	7260
293	7270
293	7255
293	7425
293	7290
293	7120
293	7290
293	7040
293	7500
294	90
294	7455
294	7390
294	7615
294	7435
294	7175
294	7440
294	7470
294	7425
294	7535
294	7300
294	7005
294	7520
294	1070
294	6910
294	7285
294	7770
294	7280
294	7020
294	7320
294	385
294	6180
294	7300
294	7020
294	7250
294	7145
294	7440
294	7490
294	7335
294	7190
295	270
295	7340
295	7390
295	7380
295	7375
295	7400
295	7280
295	7350
295	7185
295	7135
295	7290
295	7220
295	7360
295	6915
295	7110
295	7410
295	7485
295	7355
295	7565
295	7465
295	185
295	7395
295	7175
295	7575
295	7345
295	7025
295	7010
295	7345
295	7070
295	7140
296	175
296	7375
296	7415
296	7330
296	7475
296	7440
296	7185
296	7485
296	7270
296	7200
296	7285
296	6895
296	7230
296	6685
296	7275
296	7255
296	7125
296	7225
296	7080
296	7240
296	285
296	7240
296	7175
296	7585
296	7210
296	7220
296	7530
296	7415
296	7265
296	7575
297	90
297	7225
297	7140
297	7395
297	7485
297	7330
297	7325
297	7290
297	7295
297	7285
297	7295
297	6945
297	7325
297	7330
297	7275
297	7345
297	7170
297	7215
297	7080
297	7340
297	185
297	7130
297	7130
297	7415
297	7335
297	7355
297	7250
297	7350
297	7450
297	7190
298	460
298	7295
298	7385
298	7255
298	7760
298	7380
298	7335
298	7340
298	7370
298	7150
298	7465
298	7285
298	7505
298	6830
298	7155
298	7605
298	7205
298	7190
298	7565
298	7525
298	285
298	7055
298	7560
298	7270
298	7550
298	7490
298	7305
298	7255
298	6990
298	7285
299	555
299	7240
299	7555
299	7420
299	7270
299	7935
299	7230
299	7145
299	7540
299	7280
299	7085
299	7400
299	7555
299	7580
299	7415
299	7190
299	7150
299	7665
299	7775
299	7500
299	185
299	7220
299	7145
299	7220
299	7120
299	7030
299	7055
299	7325
299	7260
299	7405
300	460
300	7210
300	7270
300	7530
300	7260
300	7565
300	7310
300	7330
300	7175
300	7170
300	7405
300	7010
300	7165
300	7075
300	7345
300	7615
300	7360
300	7585
300	7385
300	7290
300	0
300	7525
300	7245
300	7135
300	7430
300	7440
300	7405
300	7380
300	7275
300	7315
