1 4
1 0
1 0
1 0
1 0
1 2
1 16
1 14
1 2
1 2
1 4
1 2
1 4
1 2
1 0
1 0
1 0
1 2
1 2
1 0
1 8
1 2
1 4
1 2
1 1
1 2
1 0
1 0
1 0
1 0
1 0
1 0
1 2
1 0
1 0
1 6
1 0
1 0
1 1
1 0
1 4
1 0
1 0
1 1
1 0
1 18
1 0
1 2
1 8
1 1
2 0
2 0
2 12
2 0
2 0
2 0
2 0
2 2
2 16
2 0
2 0
2 0
2 9
2 0
2 4
2 0
2 0
2 4
2 4
2 0
2 14
2 2
2 0
2 2
2 14
2 0
2 4
2 8
2 4
2 2
2 14
2 12
2 8
2 0
2 16
2 0
2 12
2 0
2 4
2 8
2 0
2 0
2 18
2 4
2 121
2 0
2 18
2 0
2 0
2 8
3 129
3 6
3 10
3 16
3 0
3 0
3 6
3 0
3 0
3 0
3 0
3 99
3 0
3 0
3 1
3 0
3 1
3 4
3 16
3 1
3 2
3 1
3 0
3 222
3 0
3 0
3 4
3 16
3 0
3 2
3 0
3 4
3 0
3 0
3 0
3 0
3 14
3 10
3 0
3 2
3 12
3 2
3 0
3 1
3 0
3 0
3 0
3 6
3 0
3 18
4 0
4 0
4 2
4 0
4 10
4 121
4 4
4 0
4 0
4 0
4 4
4 0
4 0
4 0
4 0
4 0
4 8
4 6
4 0
4 18
4 18
4 1
4 4
4 0
4 12
4 0
4 16
4 0
4 0
4 0
4 0
4 4
4 0
4 131
4 4
4 3
4 18
4 4
4 18
4 0
4 4
4 0
4 0
4 1
4 2
4 0
4 1
4 16
4 0
4 0
5 0
5 4
5 0
5 0
5 4
5 8
5 0
5 0
5 16
5 0
5 0
5 4
5 0
5 0
5 101
5 14
5 0
5 0
5 0
5 18
5 6
5 0
5 0
5 97
5 0
5 0
5 4
5 0
5 14
5 121
5 0
5 18
5 0
5 115
5 2
5 8
5 0
5 0
5 0
5 0
5 0
5 0
5 18
5 0
5 2
5 16
5 0
5 4
5 6
5 2
6 0
6 4
6 18
6 0
6 109
6 0
6 0
6 0
6 0
6 0
6 115
6 0
6 105
6 0
6 2
6 0
6 0
6 0
6 8
6 0
6 18
6 0
6 0
6 12
6 0
6 2
6 16
6 0
6 0
6 0
6 0
6 14
6 113
6 0
6 0
6 0
6 0
6 6
6 0
6 6
6 0
6 0
6 6
6 10
6 113
6 14
6 0
6 12
6 113
6 2
7 0
7 0
7 0
7 0
7 125
7 0
7 0
7 0
7 0
7 2
7 20
7 14
7 18
7 0
7 125
7 1
7 0
7 0
7 99
7 0
7 115
7 18
7 18
7 0
7 2
7 10
7 10
7 119
7 0
7 0
7 115
7 0
7 10
7 0
7 14
7 4
7 0
7 0
7 0
7 20
7 8
7 0
7 0
7 129
7 18
7 0
7 0
7 107
7 14
7 107
8 0
8 119
8 115
8 107
8 121
8 0
8 16
8 113
8 111
8 0
8 0
8 0
8 10
8 12
8 0
8 2
8 0
8 0
8 0
8 0
8 0
8 109
8 18
8 16
8 0
8 0
8 0
8 0
8 0
8 0
8 0
8 0
8 18
8 14
8 6
8 0
8 12
8 0
8 2
8 6
8 0
8 0
8 0
8 10
8 1
8 0
8 6
8 103
8 0
8 0
9 0
9 0
9 0
9 16
9 0
9 99
9 109
9 0
9 18
9 0
9 0
9 0
9 204
9 2
9 2
9 0
9 109
9 0
9 0
9 12
9 107
9 14
9 8
9 6
9 12
9 0
9 6
9 125
9 123
9 0
9 0
9 4
9 0
9 0
9 0
9 2
9 0
9 0
9 12
9 117
9 0
9 6
9 0
9 4
9 0
9 109
9 0
9 16
9 18
9 220
10 0
10 0
10 14
10 2
10 22
10 119
10 2
10 14
10 4
10 214
10 2
10 117
10 0
10 2
10 0
10 1
10 0
10 18
10 0
10 0
10 107
10 18
10 14
10 0
10 4
10 0
10 4
10 117
10 0
10 4
10 0
10 4
10 0
10 0
10 0
10 0
10 115
10 2
10 0
10 0
10 0
10 0
10 0
10 0
10 0
10 0
10 115
10 105
10 2
10 0
11 6
11 119
11 115
11 12
11 0
11 2
11 0
11 0
11 244
11 0
11 16
11 0
11 18
11 0
11 0
11 16
11 0
11 101
11 0
11 0
11 2
11 0
11 16
11 367
11 0
11 329
11 0
11 20
11 0
11 20
11 113
11 389
11 121
11 0
11 1
11 0
11 2
11 0
11 4
11 0
11 20
11 0
11 1
11 115
11 0
11 0
11 115
11 111
11 117
11 16
12 6
12 109
12 0
12 0
12 0
12 4
12 8
12 0
12 14
12 0
12 18
12 10
12 0
12 0
12 2
12 112
12 0
12 0
12 103
12 10
12 230
12 0
12 4
12 0
12 1
12 1
12 2
12 0
12 12
12 104
12 2
12 93
12 0
12 0
12 97
12 113
12 0
12 0
12 115
12 95
12 2
12 609
12 270
12 14
12 8
12 6
12 0
12 4
12 4
12 105
13 2
13 8
13 2
13 1
13 4
13 0
13 6
13 2
13 0
13 0
13 0
13 0
13 532
13 0
13 115
13 0
13 0
13 0
13 12
13 10
13 224
13 109
13 0
13 4
13 210
13 8
13 18
13 0
13 0
13 2
13 1
13 1
13 0
13 14
13 116
13 6
13 0
13 0
13 0
13 1
13 0
13 0
13 109
13 0
13 10
13 0
13 2
13 2
13 0
13 8
14 0
14 115
14 1
14 4
14 2
14 2
14 103
14 347
14 0
14 8
14 0
14 0
14 1
14 103
14 4
14 14
14 0
14 3
14 4
14 2
14 0
14 2
14 115
14 0
14 0
14 6
14 4
14 1
14 1
14 0
14 14
14 2
14 12
14 20
14 0
14 110
14 10
14 10
14 4
14 111
14 0
14 115
14 125
14 97
14 0
14 0
14 22
14 0
14 264
14 369
15 0
15 2
15 8
15 2
15 2
15 4
15 1
15 0
15 0
15 0
15 0
15 2
15 0
15 4
15 1
15 8
15 12
15 18
15 16
15 2
15 0
15 2
15 99
15 0
15 2
15 0
15 2
15 107
15 254
15 8
15 4
15 0
15 12
15 381
15 0
15 587
15 14
15 0
15 18
15 8
15 4
15 2
15 2
15 0
15 0
15 115
15 1
15 0
15 0
15 2
16 0
16 0
16 16
16 0
16 238
16 0
16 4
16 4
16 4
16 113
16 137
16 0
16 10
16 6
16 0
16 0
16 109
16 2
16 0
16 0
16 0
16 1
16 1
16 117
16 105
16 10
16 113
16 2
16 1
16 0
16 0
16 0
16 0
16 107
16 0
16 0
16 4
16 4
16 0
16 0
16 18
16 0
16 5
16 0
16 0
16 0
16 101
16 103
16 8
16 1
17 0
17 0
17 12
17 0
17 2
17 0
17 117
17 2
17 114
17 139
17 0
17 12
17 8
17 1
17 103
17 113
17 23
17 16
17 0
17 4
17 12
17 1
17 0
17 1
17 0
17 0
17 4
17 256
17 0
17 117
17 0
17 2
17 113
17 0
17 111
17 0
17 2
17 0
17 0
17 2
17 2
17 121
17 0
17 0
17 0
17 4
17 0
17 0
17 4
17 0
18 0
18 101
18 1
18 0
18 119
18 0
18 4
18 0
18 2
18 115
18 109
18 0
18 12
18 0
18 1
18 0
18 1
18 16
18 4
18 115
18 1
18 10
18 1
18 0
18 8
18 20
18 0
18 6
18 2
18 0
18 0
18 4
18 0
18 4
18 12
18 6
18 0
18 105
18 0
18 1
18 0
18 2
18 0
18 125
18 1
18 14
18 6
18 0
18 0
18 113
19 125
19 0
19 0
19 0
19 2
19 0
19 0
19 14
19 12
19 0
19 1
19 0
19 16
19 0
19 0
19 0
19 18
19 0
19 2
19 0
19 0
19 226
19 2
19 0
19 212
19 226
19 12
19 123
19 109
19 2
19 0
19 0
19 0
19 12
19 16
19 2
19 125
19 105
19 0
19 10
19 111
19 0
19 6
19 0
19 0
19 4
19 0
19 111
19 8
19 0
20 131
20 1
20 0
20 2
20 10
20 14
20 18
20 0
20 8
20 117
20 0
20 2
20 0
20 113
20 111
20 0
20 1
20 115
20 226
20 0
20 6
20 4
20 0
20 1
20 6
20 12
20 0
20 0
20 0
20 0
20 12
20 2
20 129
20 4
20 2
20 4
20 109
20 113
20 4
20 0
20 0
20 4
20 0
20 8
20 1
20 1
20 20
20 4
20 1
20 0
21 107
21 2
21 221
21 0
21 232
21 4
21 139
21 290
21 0
21 2
21 4
21 0
21 110
21 1
21 102
21 2
21 4
21 0
21 0
21 0
21 2
21 113
21 119
21 18
21 4
21 0
21 0
21 0
21 0
21 0
21 0
21 0
21 492
21 2
21 0
21 0
21 0
21 0
21 0
21 115
21 0
21 0
21 0
21 0
21 0
21 0
21 0
21 109
21 0
21 1
22 4
22 101
22 0
22 4
22 0
22 262
22 107
22 0
22 0
22 122
22 0
22 0
22 260
22 8
22 4
22 1
22 0
22 0
22 10
22 2
22 0
22 115
22 115
22 4
22 14
22 0
22 0
22 0
22 6
22 1
22 0
22 4
22 6
22 125
22 111
22 0
22 1
22 14
22 2
22 0
22 0
22 4
22 0
22 0
22 0
22 103
22 1
22 12
22 0
22 0
23 0
23 0
23 345
23 0
23 0
23 220
23 1
23 8
23 8
23 0
23 0
23 0
23 0
23 14
23 0
23 99
23 1
23 0
23 0
23 16
23 0
23 0
23 105
23 16
23 0
23 0
23 0
23 6
23 0
23 0
23 125
23 0
23 0
23 0
23 0
23 0
23 0
23 0
23 107
23 0
23 10
23 133
23 0
23 125
23 292
23 6
23 0
23 4
23 0
23 0
24 0
24 131
24 0
24 1
24 0
24 0
24 4
24 101
24 1
24 122
24 0
24 0
24 0
24 0
24 2
24 111
24 16
24 10
24 18
24 246
24 0
24 0
24 0
24 4
24 1
24 0
24 18
24 0
24 276
24 0
24 2
24 6
24 0
24 2
24 115
24 16
24 0
24 119
24 0
24 18
24 0
24 131
24 2
24 0
24 246
24 0
24 0
24 0
24 2
24 0
25 0
25 2
25 0
25 0
25 20
25 4
25 0
25 0
25 0
25 452
25 4
25 0
25 2
25 0
25 0
25 0
25 0
25 0
25 10
25 0
25 0
25 0
25 2
25 14
25 0
25 8
25 0
25 4
25 0
25 0
25 0
25 6
25 0
25 113
25 0
25 133
25 0
25 0
25 0
25 4
25 6
25 0
25 111
25 0
25 0
25 0
25 119
25 119
25 14
25 125
26 0
26 0
26 0
26 118
26 0
26 103
26 0
26 10
26 0
26 6
26 1
26 0
26 0
26 10
26 0
26 14
26 119
26 0
26 113
26 109
26 0
26 107
26 0
26 0
26 1
26 117
26 0
26 10
26 0
26 0
26 0
26 0
26 0
26 119
26 363
26 125
26 0
26 1
26 0
26 0
26 16
26 1
26 119
26 129
26 4
26 12
26 10
26 113
26 14
26 0
27 0
27 0
27 0
27 0
27 0
27 0
27 0
27 107
27 6
27 2
27 125
27 121
27 121
27 109
27 0
27 18
27 1
27 16
27 133
27 113
27 0
27 0
27 0
27 0
27 0
27 12
27 8
27 4
27 4
27 0
27 129
27 0
27 107
27 115
27 111
27 1
27 0
27 0
27 14
27 12
27 101
27 482
27 0
27 252
27 0
27 0
27 2
27 0
27 0
27 14
28 14
28 403
28 0
28 111
28 116
28 4
28 0
28 0
28 4
28 2
28 0
28 6
28 0
28 103
28 0
28 10
28 0
28 0
28 0
28 0
28 0
28 0
28 0
28 0
28 0
28 254
28 1
28 0
28 107
28 4
28 1
28 18
28 4
28 18
28 4
28 1
28 1
28 0
28 0
28 0
28 0
28 239
28 0
28 1
28 0
28 16
28 0
28 117
28 0
28 2
29 6
29 4
29 113
29 0
29 1
29 0
29 127
29 4
29 0
29 4
29 0
29 0
29 0
29 361
29 0
29 6
29 2
29 16
29 0
29 16
29 101
29 351
29 4
29 2
29 1
29 14
29 0
29 8
29 238
29 244
29 101
29 6
29 111
29 0
29 2
29 2
29 4
29 0
29 4
29 0
29 6
29 0
29 0
29 258
29 1
29 12
29 2
29 0
29 2
29 0
30 4
30 0
30 14
30 14
30 0
30 131
30 466
30 0
30 2
30 1
30 8
30 16
30 8
30 103
30 4
30 4
30 2
30 0
30 4
30 6
30 2
30 0
30 1
30 0
30 99
30 10
30 14
30 2
30 1
30 115
30 14
30 4
30 4
30 4
30 119
30 1
30 0
30 0
30 0
30 103
30 0
30 0
30 4
30 8
30 0
30 0
30 4
30 1
30 0
30 0
31 111
31 0
31 0
31 119
31 2
31 0
31 2
31 2
31 6
31 4
31 0
31 0
31 115
31 8
31 8
31 0
31 0
31 106
31 0
31 0
31 0
31 1
31 2
31 0
31 14
31 0
31 0
31 2
31 4
31 0
31 117
31 2
31 0
31 153
31 1
31 1
31 4
31 0
31 347
31 2
31 0
31 1
31 0
31 6
31 0
31 0
31 12
31 0
31 8
31 18
32 16
32 0
32 0
32 107
32 0
32 0
32 121
32 0
32 18
32 2
32 12
32 0
32 1
32 0
32 0
32 2
32 0
32 0
32 0
32 14
32 0
32 115
32 0
32 4
32 113
32 14
32 0
32 105
32 4
32 16
32 1
32 4
32 0
32 0
32 2
32 10
32 0
32 0
32 0
32 0
32 0
32 0
32 0
32 0
32 224
32 1
32 4
32 0
32 8
32 3
33 18
33 2
33 486
33 0
33 16
33 0
33 4
33 98
33 2
33 125
33 131
33 18
33 0
33 0
33 0
33 0
33 0
33 10
33 0
33 0
33 125
33 14
33 0
33 12
33 0
33 0
33 0
33 0
33 0
33 14
33 117
33 0
33 125
33 4
33 0
33 0
33 202
33 0
33 118
33 0
33 0
33 0
33 2
33 2
33 0
33 2
33 0
33 111
33 12
33 0
34 0
34 97
34 0
34 0
34 0
34 3
34 1
34 0
34 0
34 2
34 0
34 4
34 115
34 0
34 489
34 107
34 139
34 0
34 0
34 0
34 0
34 111
34 0
34 8
34 0
34 0
34 113
34 0
34 0
34 2
34 1
34 3
34 2
34 0
34 1
34 0
34 0
34 1
34 114
34 0
34 0
34 0
34 12
34 0
34 0
34 0
34 4
34 0
34 0
34 12
35 565
35 0
35 0
35 14
35 10
35 616
35 129
35 0
35 0
35 99
35 4
35 2
35 0
35 2
35 0
35 0
35 0
35 2
35 119
35 16
35 123
35 2
35 0
35 0
35 18
35 12
35 0
35 0
35 252
35 2
35 1
35 0
35 0
35 0
35 0
35 0
35 0
35 0
35 4
35 0
35 98
35 0
35 0
35 6
35 2
35 4
35 0
35 1
35 137
35 0
36 0
36 115
36 0
36 0
36 8
36 235
36 114
36 0
36 1
36 0
36 130
36 0
36 0
36 2
36 4
36 226
36 0
36 0
36 115
36 4
36 0
36 14
36 218
36 4
36 0
36 4
36 111
36 96
36 4
36 118
36 12
36 18
36 2
36 0
36 8
36 118
36 3
36 0
36 859
36 324
36 591
36 2
36 14
36 123
36 354
36 4
36 2
36 4
36 0
36 0
37 0
37 325
37 125
37 0
37 1
37 0
37 4
37 0
37 2
37 2
37 0
37 0
37 0
37 0
37 2
37 4
37 0
37 0
37 1
37 0
37 2
37 0
37 1
37 0
37 0
37 0
37 4
37 10
37 245
37 0
37 0
37 0
37 1
37 578
37 0
37 399
37 0
37 0
37 0
37 0
37 0
37 121
37 0
37 0
37 121
37 256
37 16
37 0
37 0
37 456
38 0
38 431
38 0
38 0
38 335
38 1
38 613
38 426
38 0
38 18
38 0
38 0
38 0
38 0
38 105
38 116
38 113
38 0
38 0
38 752
38 0
38 2
38 236
38 0
38 126
38 2
38 6
38 0
38 4
38 628
38 355
38 6
38 4
38 0
38 921
38 0
38 0
38 8
38 312
38 0
38 0
38 243
38 0
38 115
38 123
38 0
38 119
38 121
38 0
38 101
39 340
39 0
39 2
39 107
39 0
39 0
39 0
39 111
39 1
39 110
39 551
39 0
39 0
39 252
39 2
39 109
39 4
39 0
39 827
39 0
39 18
39 4
39 0
39 0
39 216
39 0
39 127
39 709
39 0
39 115
39 6
39 1
39 1
39 575
39 0
39 0
39 0
39 97
39 1
39 471
39 0
39 0
39 18
39 2
39 6
39 0
39 234
39 0
39 0
39 0
40 0
40 112
40 0
40 16
40 0
40 0
40 0
40 0
40 0
40 0
40 1670
40 0
40 4
40 0
40 336
40 0
40 544
40 0
40 1
40 99
40 716
40 8
40 0
40 18
40 0
40 0
40 0
40 837
40 0
40 0
40 8
40 4
40 0
40 16
40 1726
40 0
40 0
40 4
40 388
40 0
40 6
40 216
40 326
40 0
40 0
40 0
40 2
40 2
40 12
40 406
41 448
41 0
41 113
41 0
41 0
41 12
41 0
41 3
41 0
41 0
41 357
41 396
41 242
41 0
41 257
41 0
41 0
41 8
41 12
41 12
41 0
41 335
41 0
41 0
41 0
41 347
41 2
41 0
41 0
41 0
41 0
41 0
41 0
41 571
41 0
41 2
41 2
41 620
41 891
41 1
41 418
41 2
41 0
41 1240
41 0
41 0
41 0
41 0
41 0
41 0
42 232
42 2
42 0
42 0
42 12
42 132
42 510
42 1
42 1164
42 1
42 237
42 0
42 0
42 0
42 216
42 1
42 0
42 1132
42 1732
42 4
42 0
42 12
42 0
42 365
42 103
42 0
42 0
42 0
42 2
42 0
42 0
42 0
42 0
42 0
42 118
42 4
42 0
42 117
42 118
42 0
42 0
42 113
42 0
42 0
42 0
42 124
42 0
42 0
42 0
42 0
43 0
43 0
43 0
43 0
43 0
43 0
43 452
43 12
43 105
43 435
43 0
43 101
43 0
43 0
43 14
43 4
43 0
43 2
43 0
43 341
43 0
43 4
43 0
43 4
43 109
43 397
43 4
43 0
43 1194
43 0
43 130
43 4
43 4
43 8
43 0
43 6
43 1
43 274
43 0
43 0
43 0
43 0
43 0
43 0
43 0
43 228
43 0
43 0
43 0
43 16
44 0
44 18
44 101
44 0
44 0
44 0
44 106
44 0
44 2
44 4
44 101
44 2
44 2
44 0
44 0
44 4
44 0
44 20
44 0
44 1911
44 0
44 0
44 0
44 0
44 2
44 0
44 20
44 6
44 0
44 0
44 18
44 112
44 0
44 1
44 0
44 18
44 2
44 0
44 2
44 0
44 0
44 216
44 0
44 0
44 0
44 0
44 359
44 0
44 0
44 0
45 984
45 658
45 0
45 8
45 121
45 0
45 0
45 111
45 0
45 2
45 0
45 6
45 4
45 4
45 0
45 2
45 264
45 738
45 0
45 0
45 0
45 837
45 0
45 2
45 0
45 1
45 1
45 0
45 0
45 10
45 0
45 1
45 4
45 415
45 316
45 0
45 0
45 2
45 0
45 10
45 0
45 18
45 0
45 0
45 230
45 123
45 0
45 137
45 0
45 0
46 1647
46 0
46 0
46 0
46 0
46 0
46 335
46 0
46 16
46 8
46 0
46 0
46 0
46 0
46 0
46 0
46 778
46 0
46 18
46 0
46 2
46 0
46 473
46 3
46 4
46 0
46 0
46 224
46 331
46 1246
46 0
46 0
46 134
46 1238
46 0
46 1562
46 12
46 405
46 0
46 0
46 6
46 0
46 0
46 111
46 0
46 468
46 0
46 6
46 16
46 827
47 0
47 4
47 0
47 115
47 796
47 111
47 0
47 0
47 0
47 0
47 0
47 398
47 2
47 274
47 6
47 4
47 843
47 0
47 0
47 18
47 528
47 0
47 1323
47 0
47 209
47 700
47 0
47 591
47 0
47 14
47 455
47 0
47 220
47 213
47 533
47 609
47 0
47 6
47 18
47 0
47 1
47 0
47 0
47 678
47 0
47 0
47 109
47 915
47 0
47 2
48 0
48 18
48 965
48 0
48 0
48 494
48 18
48 113
48 3
48 0
48 0
48 0
48 0
48 4
48 2
48 0
48 213
48 0
48 1397
48 0
48 1088
48 0
48 1298
48 435
48 0
48 320
48 0
48 939
48 133
48 0
48 791
48 14
48 18
48 0
48 18
48 469
48 0
48 4
48 889
48 0
48 4
48 0
48 16
48 256
48 118
48 0
48 14
48 0
48 872
48 0
49 561
49 4
49 0
49 4
49 0
49 605
49 96
49 480
49 338
49 0
49 0
49 0
49 718
49 0
49 238
49 254
49 0
49 0
49 0
49 0
49 0
49 4
49 16
49 4
49 2
49 0
49 0
49 428
49 16
49 3
49 0
49 452
49 109
49 18
49 0
49 760
49 0
49 14
49 0
49 0
49 0
49 6
49 0
49 376
49 1067
49 4
49 226
49 0
49 0
49 117
50 0
50 0
50 6
50 8
50 599
50 2
50 128
50 0
50 336
50 16
50 0
50 134
50 117
50 0
50 1288
50 2
50 2
50 0
50 0
50 0
50 143
50 0
50 16
50 8
50 0
50 0
50 0
50 0
50 10
50 771
50 490
50 0
50 0
50 0
50 0
50 18
50 0
50 0
50 0
50 3
50 0
50 0
50 0
50 0
50 0
50 0
50 219
50 208
50 0
50 702
51 0
51 0
51 111
51 0
51 6
51 0
51 908
51 0
51 116
51 0
51 0
51 356
51 126
51 0
51 0
51 829
51 1767
51 0
51 0
51 111
51 18
51 8
51 112
51 940
51 742
51 0
51 0
51 621
51 0
51 2
51 0
51 20
51 0
51 0
51 0
51 1022
51 346
51 115
51 4
51 0
51 18
51 0
51 0
51 2
51 0
51 0
51 0
51 939
51 0
51 813
52 0
52 219
52 0
52 0
52 2
52 100
52 0
52 0
52 1320
52 0
52 0
52 0
52 0
52 1316
52 370
52 0
52 155
52 0
52 918
52 1240
52 0
52 4
52 1126
52 691
52 1280
52 0
52 3
52 18
52 0
52 0
52 2
52 1051
52 315
52 0
52 760
52 1
52 118
52 0
52 3
52 128
52 0
52 0
52 0
52 0
52 0
52 0
52 3
52 2
52 1209
52 0
53 1739
53 0
53 10
53 0
53 976
53 206
53 0
53 2
53 0
53 516
53 0
53 0
53 255
53 0
53 0
53 0
53 6
53 0
53 814
53 0
53 0
53 988
53 125
53 12
53 0
53 0
53 0
53 6
53 2
53 0
53 0
53 10
53 812
53 97
53 395
53 0
53 0
53 0
53 0
53 0
53 0
53 0
53 227
53 707
53 0
53 740
53 724
53 0
53 114
53 0
54 0
54 621
54 134
54 0
54 0
54 0
54 0
54 662
54 0
54 2
54 234
54 0
54 334
54 3
54 398
54 0
54 0
54 241
54 0
54 0
54 0
54 0
54 14
54 676
54 125
54 329
54 579
54 0
54 0
54 0
54 232
54 0
54 0
54 752
54 0
54 650
54 566
54 0
54 4
54 12
54 0
54 0
54 115
54 396
54 0
54 0
54 2
54 10
54 0
54 0
55 0
55 2
55 0
55 18
55 0
55 0
55 425
55 347
55 0
55 0
55 341
55 6
55 99
55 0
55 0
55 0
55 1514
55 0
55 0
55 2
55 103
55 0
55 0
55 0
55 719
55 0
55 0
55 388
55 365
55 0
55 0
55 1092
55 0
55 650
55 12
55 585
55 123
55 0
55 105
55 0
55 1
55 0
55 292
55 2
55 0
55 262
55 6
55 757
55 845
55 242
56 0
56 359
56 727
56 1796
56 0
56 4
56 632
56 16
56 435
56 980
56 4
56 108
56 610
56 0
56 1249
56 0
56 0
56 395
56 6
56 0
56 0
56 1503
56 826
56 0
56 0
56 0
56 456
56 0
56 875
56 567
56 0
56 111
56 0
56 696
56 6
56 0
56 14
56 619
56 0
56 4
56 0
56 0
56 6
56 0
56 0
56 228
56 0
56 0
56 109
56 469
57 355
57 115
57 0
57 0
57 0
57 16
57 0
57 0
57 1279
57 0
57 0
57 647
57 0
57 0
57 2
57 0
57 0
57 113
57 0
57 437
57 18
57 808
57 0
57 0
57 10
57 2
57 223
57 2
57 125
57 0
57 2
57 0
57 0
57 557
57 0
57 0
57 18
57 0
57 16
57 0
57 0
57 123
57 0
57 0
57 2
57 0
57 825
57 0
57 4
57 0
58 0
58 0
58 0
58 553
58 2
58 969
58 0
58 0
58 0
58 3
58 1052
58 0
58 0
58 1
58 16
58 0
58 6
58 8
58 499
58 1064
58 361
58 480
58 0
58 0
58 330
58 2
58 282
58 115
58 0
58 115
58 111
58 453
58 0
58 3
58 2
58 0
58 8
58 444
58 0
58 0
58 0
58 799
58 0
58 977
58 0
58 119
58 4
58 0
58 2
58 0
59 1074
59 506
59 18
59 0
59 690
59 119
59 1108
59 947
59 0
59 711
59 1
59 8
59 0
59 0
59 18
59 0
59 0
59 10
59 14
59 230
59 0
59 1215
59 0
59 1209
59 114
59 14
59 18
59 18
59 606
59 2
59 0
59 2
59 0
59 0
59 0
59 1535
59 440
59 0
59 0
59 0
59 796
59 793
59 0
59 592
59 296
59 0
59 6
59 0
59 10
59 0
60 0
60 8
60 0
60 609
60 0
60 0
60 926
60 0
60 933
60 120
60 264
60 6
60 0
60 135
60 0
60 4
60 18
60 0
60 0
60 741
60 0
60 0
60 109
60 0
60 2
60 0
60 230
60 964
60 10
60 0
60 2
60 438
60 0
60 0
60 1
60 343
60 0
60 16
60 0
60 2
60 2
60 272
60 0
60 2
60 0
60 0
60 0
60 0
60 6
60 1313
61 120
61 12
61 0
61 722
61 0
61 0
61 3
61 2
61 6
61 0
61 8
61 1
61 533
61 18
61 2
61 1
61 4
61 0
61 3
61 107
61 2
61 497
61 0
61 121
61 0
61 214
61 0
61 0
61 1533
61 2
61 0
61 0
61 2
61 204
61 651
61 111
61 139
61 2
61 2
61 2
61 2
61 459
61 2
61 0
61 0
61 0
61 0
61 113
61 0
61 3
62 0
62 0
62 10
62 0
62 0
62 0
62 0
62 0
62 121
62 0
62 0
62 0
62 117
62 260
62 0
62 12
62 4
62 113
62 93
62 2
62 0
62 4
62 0
62 0
62 0
62 0
62 115
62 522
62 0
62 0
62 14
62 0
62 2
62 462
62 0
62 0
62 0
62 0
62 1
62 252
62 245
62 0
62 818
62 0
62 2
62 0
62 4
62 527
62 0
62 4
63 0
63 2
63 2
63 6
63 0
63 773
63 0
63 0
63 0
63 0
63 107
63 0
63 0
63 111
63 0
63 0
63 107
63 14
63 141
63 2
63 0
63 0
63 0
63 0
63 14
63 111
63 0
63 0
63 0
63 0
63 14
63 131
63 12
63 0
63 0
63 0
63 588
63 0
63 0
63 14
63 0
63 0
63 690
63 0
63 476
63 1
63 730
63 0
63 0
63 6
64 0
64 0
64 0
64 0
64 0
64 0
64 0
64 96
64 2
64 0
64 0
64 0
64 0
64 4
64 0
64 16
64 0
64 1019
64 0
64 550
64 12
64 0
64 111
64 0
64 244
64 2
64 3
64 139
64 0
64 228
64 0
64 930
64 0
64 0
64 0
64 735
64 1
64 133
64 0
64 18
64 0
64 14
64 0
64 0
64 0
64 114
64 0
64 0
64 0
64 358
65 0
65 127
65 0
65 0
65 0
65 14
65 14
65 111
65 0
65 10
65 119
65 0
65 2
65 138
65 0
65 0
65 852
65 0
65 6
65 8
65 2
65 0
65 0
65 1180
65 489
65 8
65 10
65 0
65 0
65 0
65 0
65 1
65 0
65 8
65 128
65 0
65 4
65 824
65 1372
65 8
65 0
65 0
65 0
65 0
65 0
65 0
65 492
65 0
65 0
65 0
66 430
66 0
66 0
66 20
66 0
66 0
66 0
66 16
66 14
66 0
66 0
66 0
66 0
66 0
66 0
66 2
66 211
66 0
66 0
66 0
66 1055
66 0
66 0
66 8
66 0
66 0
66 0
66 4
66 0
66 0
66 0
66 0
66 0
66 713
66 688
66 0
66 0
66 0
66 0
66 116
66 249
66 4
66 4
66 0
66 0
66 0
66 0
66 0
66 2
66 16
67 0
67 229
67 0
67 550
67 974
67 8
67 0
67 117
67 414
67 920
67 0
67 0
67 0
67 10
67 696
67 18
67 4
67 1
67 10
67 251
67 0
67 4
67 371
67 0
67 14
67 0
67 0
67 0
67 0
67 0
67 8
67 0
67 6
67 12
67 1
67 0
67 0
67 0
67 0
67 99
67 8
67 18
67 113
67 0
67 0
67 437
67 0
67 2
67 215
67 673
68 373
68 0
68 116
68 126
68 0
68 0
68 345
68 0
68 6
68 0
68 0
68 0
68 208
68 0
68 18
68 1478
68 0
68 0
68 0
68 0
68 0
68 0
68 2
68 2
68 14
68 0
68 4
68 282
68 2
68 0
68 0
68 109
68 229
68 0
68 264
68 0
68 0
68 0
68 0
68 2
68 268
68 0
68 2
68 0
68 4
68 0
68 116
68 12
68 0
68 0
69 243
69 282
69 6
69 0
69 0
69 480
69 310
69 661
69 0
69 0
69 0
69 0
69 0
69 2
69 0
69 4
69 0
69 0
69 117
69 0
69 0
69 331
69 0
69 0
69 0
69 0
69 0
69 416
69 1323
69 487
69 3
69 105
69 0
69 6
69 353
69 0
69 902
69 1235
69 16
69 797
69 0
69 0
69 0
69 0
69 432
69 0
69 0
69 0
69 643
69 0
70 0
70 744
70 0
70 0
70 209
70 0
70 412
70 20
70 0
70 0
70 0
70 2
70 4
70 0
70 0
70 0
70 0
70 2
70 10
70 706
70 209
70 0
70 0
70 0
70 14
70 0
70 0
70 0
70 0
70 613
70 851
70 1
70 758
70 703
70 455
70 450
70 597
70 3
70 0
70 491
70 636
70 100
70 0
70 0
70 4
70 4
70 0
70 0
70 0
70 0
71 0
71 0
71 2
71 0
71 0
71 4
71 14
71 0
71 0
71 1012
71 109
71 2
71 8
71 111
71 0
71 115
71 1
71 0
71 0
71 111
71 698
71 18
71 0
71 549
71 0
71 0
71 0
71 0
71 8
71 20
71 0
71 0
71 908
71 4
71 0
71 0
71 0
71 0
71 2
71 129
71 0
71 0
71 0
71 18
71 6
71 0
71 0
71 0
71 0
71 93
72 0
72 10
72 117
72 0
72 0
72 0
72 0
72 334
72 0
72 0
72 0
72 115
72 670
72 0
72 18
72 197
72 254
72 0
72 18
72 0
72 0
72 0
72 466
72 253
72 360
72 2
72 774
72 0
72 0
72 114
72 0
72 359
72 604
72 0
72 906
72 0
72 120
72 0
72 20
72 0
72 6
72 0
72 4
72 435
72 0
72 0
72 0
72 16
72 0
72 906
73 0
73 18
73 266
73 4
73 0
73 0
73 0
73 114
73 4
73 0
73 0
73 0
73 0
73 6
73 925
73 244
73 0
73 0
73 0
73 0
73 18
73 0
73 0
73 0
73 1680
73 18
73 0
73 0
73 0
73 4
73 0
73 117
73 14
73 877
73 0
73 0
73 0
73 391
73 331
73 0
73 0
73 638
73 14
73 0
73 748
73 0
73 0
73 107
73 122
73 14
74 2
74 4
74 0
74 116
74 111
74 1
74 0
74 625
74 8
74 2
74 0
74 0
74 0
74 715
74 336
74 622
74 12
74 0
74 0
74 1319
74 0
74 0
74 0
74 694
74 224
74 0
74 118
74 0
74 0
74 0
74 0
74 0
74 0
74 6
74 0
74 8
74 1
74 0
74 0
74 0
74 376
74 872
74 4
74 0
74 248
74 4
74 0
74 778
74 335
74 222
75 0
75 0
75 2
75 0
75 0
75 218
75 0
75 0
75 0
75 4
75 476
75 826
75 0
75 0
75 0
75 0
75 0
75 377
75 0
75 117
75 0
75 959
75 0
75 330
75 3
75 698
75 699
75 129
75 0
75 0
75 332
75 0
75 564
75 0
75 350
75 258
75 584
75 136
75 0
75 113
75 359
75 253
75 326
75 115
75 684
75 221
75 1050
75 0
75 0
75 0
76 0
76 781
76 109
76 352
76 0
76 0
76 8
76 0
76 365
76 726
76 0
76 0
76 0
76 0
76 0
76 18
76 328
76 0
76 0
76 1363
76 1214
76 0
76 115
76 12
76 0
76 588
76 0
76 0
76 0
76 0
76 0
76 0
76 115
76 0
76 4
76 465
76 312
76 342
76 317
76 0
76 0
76 0
76 0
76 0
76 0
76 0
76 0
76 0
76 0
76 0
77 1551
77 0
77 0
77 582
77 0
77 1271
77 0
77 360
77 2
77 1182
77 0
77 1
77 0
77 122
77 0
77 0
77 0
77 0
77 243
77 18
77 0
77 0
77 0
77 113
77 4
77 0
77 0
77 1047
77 0
77 12
77 0
77 317
77 1297
77 0
77 16
77 560
77 1
77 119
77 0
77 0
77 123
77 1011
77 1099
77 0
77 0
77 0
77 0
77 115
77 0
77 0
78 0
78 0
78 6
78 0
78 117
78 2
78 0
78 245
78 8
78 0
78 0
78 125
78 12
78 645
78 0
78 273
78 1
78 2
78 212
78 1
78 0
78 0
78 1
78 0
78 18
78 2
78 0
78 0
78 546
78 0
78 0
78 527
78 0
78 0
78 0
78 0
78 115
78 0
78 0
78 0
78 18
78 0
78 10
78 0
78 0
78 0
78 2
78 0
78 588
78 0
79 500
79 3
79 0
79 2
79 133
79 0
79 0
79 994
79 126
79 2
79 0
79 0
79 0
79 0
79 0
79 0
79 14
79 2
79 946
79 0
79 125
79 0
79 0
79 2
79 460
79 1
79 0
79 18
79 0
79 0
79 163
79 0
79 0
79 0
79 0
79 0
79 14
79 0
79 0
79 0
79 116
79 0
79 0
79 10
79 0
79 4
79 0
79 4
79 2
79 0
80 0
80 0
80 460
80 0
80 0
80 101
80 0
80 0
80 562
80 0
80 0
80 0
80 0
80 0
80 0
80 0
80 0
80 229
80 218
80 0
80 111
80 0
80 0
80 0
80 124
80 232
80 2
80 0
80 0
80 12
80 18
80 224
80 260
80 0
80 18
80 0
80 0
80 673
80 0
80 0
80 0
80 873
80 0
80 111
80 0
80 20
80 14
80 0
80 123
80 0
81 0
81 1282
81 0
81 0
81 0
81 0
81 0
81 361
81 0
81 12
81 0
81 0
81 0
81 97
81 1394
81 16
81 0
81 330
81 434
81 0
81 0
81 147
81 0
81 1349
81 0
81 0
81 0
81 0
81 135
81 0
81 0
81 0
81 0
81 0
81 700
81 0
81 0
81 0
81 753
81 0
81 0
81 0
81 218
81 1371
81 365
81 0
81 0
81 0
81 270
81 0
82 0
82 385
82 14
82 302
82 679
82 0
82 0
82 0
82 1096
82 111
82 0
82 0
82 4
82 1118
82 0
82 1292
82 910
82 0
82 0
82 0
82 0
82 0
82 20
82 203
82 0
82 1
82 111
82 0
82 843
82 0
82 0
82 0
82 0
82 0
82 0
82 0
82 708
82 114
82 642
82 18
82 559
82 121
82 8
82 559
82 0
82 0
82 760
82 0
82 0
82 0
83 150
83 0
83 419
83 435
83 373
83 0
83 738
83 455
83 14
83 0
83 809
83 0
83 121
83 123
83 2
83 375
83 554
83 121
83 2
83 538
83 0
83 120
83 0
83 0
83 538
83 753
83 0
83 991
83 0
83 282
83 2
83 0
83 0
83 0
83 0
83 0
83 883
83 0
83 0
83 224
83 457
83 994
83 0
83 375
83 230
83 2
83 0
83 129
83 1041
83 205
84 0
84 753
84 0
84 0
84 8
84 0
84 0
84 6
84 2
84 505
84 0
84 103
84 343
84 122
84 113
84 347
84 0
84 326
84 1605
84 0
84 0
84 14
84 0
84 16
84 6
84 0
84 664
84 0
84 200
84 12
84 0
84 0
84 0
84 0
84 122
84 0
84 531
84 216
84 0
84 0
84 0
84 115
84 0
84 0
84 789
84 0
84 0
84 0
84 0
84 0
85 473
85 359
85 0
85 2
85 398
85 0
85 1
85 0
85 722
85 567
85 0
85 0
85 0
85 0
85 101
85 619
85 14
85 0
85 0
85 813
85 0
85 0
85 4
85 0
85 0
85 2
85 1254
85 0
85 0
85 0
85 583
85 0
85 0
85 16
85 0
85 14
85 0
85 431
85 102
85 0
85 2
85 0
85 4
85 0
85 0
85 562
85 513
85 0
85 0
85 0
86 0
86 1098
86 0
86 215
86 0
86 0
86 136
86 0
86 331
86 0
86 0
86 0
86 581
86 10
86 717
86 0
86 0
86 0
86 0
86 459
86 2
86 0
86 0
86 2
86 6
86 946
86 481
86 10
86 303
86 342
86 0
86 740
86 0
86 131
86 0
86 0
86 2
86 18
86 0
86 122
86 8
86 124
86 944
86 0
86 0
86 0
86 0
86 0
86 721
86 1087
87 0
87 1062
87 0
87 2
87 836
87 111
87 499
87 0
87 1159
87 115
87 131
87 0
87 119
87 0
87 0
87 0
87 1
87 0
87 0
87 111
87 1686
87 110
87 96
87 4
87 2
87 14
87 0
87 0
87 12
87 0
87 0
87 0
87 4
87 111
87 778
87 0
87 228
87 263
87 227
87 0
87 2
87 551
87 2
87 0
87 115
87 832
87 113
87 0
87 0
87 0
88 365
88 0
88 0
88 0
88 0
88 0
88 145
88 499
88 18
88 1
88 8
88 0
88 115
88 410
88 2
88 0
88 0
88 214
88 0
88 0
88 0
88 0
88 0
88 0
88 0
88 6
88 0
88 116
88 0
88 0
88 2002
88 1040
88 0
88 2
88 123
88 97
88 0
88 0
88 6
88 0
88 6
88 510
88 907
88 18
88 0
88 0
88 0
88 0
88 383
88 109
89 2126
89 117
89 0
89 8
89 0
89 807
89 0
89 8
89 0
89 0
89 0
89 1445
89 0
89 2
89 0
89 10
89 0
89 238
89 4
89 0
89 0
89 123
89 0
89 20
89 18
89 973
89 6
89 0
89 16
89 0
89 0
89 0
89 111
89 0
89 116
89 119
89 0
89 250
89 0
89 0
89 0
89 0
89 0
89 358
89 0
89 0
89 0
89 0
89 0
89 0
90 245
90 239
90 0
90 12
90 0
90 906
90 0
90 10
90 0
90 0
90 0
90 219
90 0
90 6
90 0
90 10
90 0
90 0
90 1019
90 4
90 123
90 775
90 0
90 121
90 2
90 214
90 97
90 10
90 0
90 576
90 0
90 0
90 0
90 109
90 129
90 150
90 0
90 105
90 0
90 4
90 6
90 0
90 14
90 898
90 0
90 10
90 284
90 0
90 4
90 20
91 811
91 0
91 464
91 0
91 0
91 118
91 6
91 0
91 0
91 371
91 20
91 0
91 0
91 0
91 0
91 0
91 0
91 0
91 432
91 558
91 0
91 6
91 363
91 1148
91 494
91 0
91 12
91 0
91 0
91 0
91 0
91 437
91 0
91 0
91 2
91 0
91 431
91 0
91 0
91 10
91 4
91 0
91 16
91 12
91 0
91 701
91 16
91 111
91 1294
91 0
92 0
92 0
92 0
92 14
92 0
92 0
92 0
92 242
92 0
92 118
92 107
92 0
92 0
92 424
92 0
92 14
92 0
92 0
92 0
92 229
92 795
92 232
92 0
92 6
92 4
92 0
92 1081
92 10
92 319
92 10
92 0
92 0
92 0
92 0
92 0
92 0
92 0
92 0
92 502
92 0
92 0
92 2
92 16
92 3
92 0
92 721
92 121
92 0
92 0
92 808
93 0
93 210
93 1314
93 0
93 2
93 959
93 6
93 904
93 0
93 0
93 2
93 0
93 0
93 803
93 2
93 4
93 0
93 0
93 6
93 4
93 802
93 121
93 2
93 111
93 0
93 0
93 1236
93 352
93 0
93 0
93 0
93 0
93 0
93 0
93 0
93 14
93 314
93 0
93 16
93 658
93 0
93 0
93 0
93 0
93 0
93 0
93 240
93 712
93 2
93 0
94 657
94 210
94 0
94 194
94 10
94 14
94 685
94 0
94 0
94 0
94 16
94 0
94 0
94 926
94 4
94 0
94 469
94 16
94 18
94 0
94 0
94 0
94 4
94 0
94 494
94 308
94 825
94 120
94 0
94 0
94 16
94 0
94 16
94 941
94 0
94 0
94 488
94 0
94 0
94 0
94 0
94 4
94 122
94 2
94 1111
94 1218
94 0
94 0
94 549
94 18
95 0
95 143
95 739
95 0
95 6
95 118
95 8
95 4
95 0
95 0
95 2
95 0
95 0
95 0
95 0
95 214
95 0
95 0
95 111
95 0
95 0
95 0
95 2
95 16
95 0
95 119
95 0
95 467
95 2
95 461
95 113
95 607
95 0
95 0
95 341
95 0
95 408
95 16
95 436
95 0
95 116
95 10
95 0
95 0
95 0
95 0
95 936
95 4
95 0
95 0
96 0
96 0
96 10
96 12
96 0
96 0
96 0
96 236
96 0
96 165
96 0
96 16
96 0
96 0
96 0
96 0
96 115
96 0
96 0
96 135
96 4
96 0
96 136
96 103
96 410
96 0
96 1
96 113
96 0
96 0
96 0
96 684
96 248
96 0
96 16
96 10
96 990
96 114
96 0
96 0
96 226
96 0
96 12
96 6
96 298
96 786
96 0
96 0
96 0
96 0
97 555
97 0
97 0
97 0
97 119
97 1173
97 767
97 0
97 0
97 20
97 0
97 4
97 238
97 2
97 353
97 0
97 0
97 0
97 0
97 0
97 0
97 0
97 155
97 0
97 18
97 0
97 780
97 0
97 8
97 599
97 3
97 0
97 501
97 646
97 0
97 0
97 0
97 951
97 869
97 386
97 0
97 0
97 0
97 18
97 0
97 240
97 0
97 16
97 0
97 20
98 220
98 0
98 0
98 0
98 101
98 0
98 0
98 18
98 0
98 232
98 466
98 2
98 528
98 111
98 0
98 484
98 0
98 222
98 0
98 0
98 0
98 0
98 2
98 119
98 0
98 0
98 0
98 0
98 0
98 0
98 0
98 0
98 0
98 0
98 4
98 0
98 0
98 12
98 0
98 0
98 0
98 0
98 10
98 582
98 0
98 0
98 0
98 0
98 14
98 0
99 315
99 0
99 551
99 2
99 0
99 925
99 0
99 4
99 16
99 0
99 0
99 0
99 0
99 0
99 0
99 0
99 0
99 1
99 109
99 4
99 0
99 4
99 0
99 0
99 2
99 132
99 0
99 12
99 0
99 10
99 220
99 518
99 0
99 2
99 0
99 0
99 0
99 0
99 0
99 0
99 2
99 0
99 239
99 814
99 14
99 111
99 1
99 4
99 0
99 0
100 0
100 0
100 539
100 872
100 1
100 0
100 0
100 4
100 0
100 1
100 0
100 6
100 2
100 0
100 217
100 1
100 0
100 0
100 0
100 20
100 2
100 232
100 0
100 120
100 18
100 8
100 0
100 0
100 0
100 1
100 319
100 0
100 449
100 947
100 512
100 569
100 556
100 123
100 103
100 0
100 0
100 16
100 0
100 107
100 551
100 777
100 648
100 4
100 0
100 0
101 499
101 16
101 0
101 110
101 20
101 363
101 0
101 0
101 671
101 594
101 0
101 0
101 0
101 0
101 112
101 0
101 532
101 8
101 0
101 0
101 254
101 0
101 0
101 4
101 382
101 0
101 12
101 0
101 0
101 0
101 222
101 0
101 8
101 0
101 0
101 0
101 801
101 780
101 0
101 0
101 0
101 0
101 18
101 2
101 0
101 314
101 6
101 119
101 18
101 0
102 364
102 0
102 0
102 6
102 1
102 2
102 0
102 8
102 0
102 0
102 1
102 0
102 0
102 0
102 1148
102 0
102 216
102 0
102 0
102 116
102 5
102 2
102 514
102 0
102 18
102 456
102 0
102 2
102 0
102 10
102 128
102 2
102 2
102 0
102 0
102 16
102 111
102 123
102 573
102 353
102 0
102 0
102 0
102 1
102 0
102 4
102 0
102 469
102 6
102 0
103 16
103 0
103 0
103 1190
103 4
103 0
103 0
103 0
103 0
103 0
103 0
103 680
103 0
103 284
103 373
103 0
103 0
103 0
103 113
103 111
103 195
103 0
103 217
103 0
103 2
103 1235
103 2
103 350
103 418
103 0
103 0
103 0
103 8
103 0
103 18
103 117
103 0
103 119
103 0
103 0
103 457
103 119
103 0
103 120
103 0
103 239
103 1038
103 1045
103 0
103 424
104 0
104 0
104 0
104 427
104 818
104 760
104 0
104 14
104 0
104 0
104 0
104 0
104 14
104 687
104 113
104 18
104 0
104 391
104 719
104 0
104 20
104 0
104 8
104 0
104 12
104 0
104 0
104 0
104 0
104 1
104 0
104 12
104 2
104 0
104 0
104 0
104 0
104 0
104 961
104 566
104 0
104 1684
104 467
104 0
104 318
104 0
104 793
104 366
104 99
104 455
105 0
105 99
105 0
105 0
105 3
105 0
105 0
105 1
105 16
105 14
105 0
105 0
105 0
105 0
105 0
105 0
105 0
105 0
105 10
105 2
105 731
105 16
105 0
105 0
105 0
105 0
105 6
105 250
105 2
105 0
105 0
105 0
105 0
105 700
105 0
105 355
105 0
105 18
105 18
105 966
105 0
105 1065
105 0
105 1142
105 222
105 0
105 150
105 0
105 4
105 0
106 0
106 109
106 0
106 0
106 0
106 0
106 871
106 18
106 554
106 0
106 2
106 1010
106 0
106 0
106 131
106 0
106 3
106 0
106 0
106 0
106 489
106 119
106 4
106 0
106 456
106 111
106 1077
106 922
106 1039
106 0
106 16
106 4
106 0
106 18
106 120
106 515
106 16
106 0
106 0
106 0
106 927
106 116
106 0
106 12
106 0
106 2
106 973
106 555
106 0
106 0
107 0
107 18
107 645
107 0
107 207
107 0
107 0
107 566
107 103
107 783
107 0
107 897
107 6
107 0
107 4
107 0
107 0
107 0
107 351
107 375
107 116
107 0
107 266
107 0
107 2
107 0
107 238
107 8
107 2
107 828
107 12
107 0
107 367
107 0
107 573
107 0
107 0
107 109
107 0
107 240
107 12
107 0
107 1
107 117
107 0
107 0
107 0
107 469
107 0
107 2
108 379
108 0
108 2
108 0
108 18
108 0
108 0
108 510
108 0
108 0
108 0
108 0
108 18
108 0
108 6
108 0
108 0
108 425
108 0
108 1002
108 461
108 14
108 0
108 105
108 0
108 647
108 0
108 0
108 744
108 0
108 462
108 120
108 6
108 5
108 6
108 0
108 563
108 230
108 0
108 0
108 1021
108 8
108 744
108 1025
108 824
108 12
108 0
108 0
108 0
108 0
109 864
109 0
109 427
109 0
109 0
109 0
109 0
109 8
109 2
109 702
109 366
109 363
109 0
109 0
109 0
109 2
109 6
109 2
109 208
109 0
109 0
109 0
109 0
109 0
109 401
109 1046
109 0
109 684
109 262
109 0
109 0
109 0
109 842
109 0
109 489
109 871
109 0
109 440
109 0
109 0
109 0
109 0
109 445
109 0
109 0
109 362
109 0
109 0
109 0
109 0
110 0
110 0
110 6
110 0
110 2
110 0
110 118
110 0
110 122
110 2
110 0
110 0
110 0
110 0
110 0
110 6
110 0
110 334
110 8
110 953
110 0
110 0
110 4
110 239
110 0
110 324
110 6
110 685
110 0
110 2
110 0
110 0
110 0
110 0
110 0
110 0
110 0
110 14
110 103
110 0
110 0
110 16
110 0
110 328
110 2
110 508
110 18
110 478
110 494
110 0
111 685
111 0
111 14
111 0
111 430
111 4
111 0
111 0
111 0
111 695
111 18
111 617
111 344
111 2
111 0
111 0
111 260
111 0
111 18
111 0
111 519
111 2
111 907
111 109
111 251
111 0
111 0
111 929
111 0
111 6
111 1090
111 0
111 2
111 0
111 2
111 0
111 552
111 0
111 0
111 2
111 0
111 0
111 526
111 3
111 121
111 0
111 8
111 0
111 498
111 2
112 0
112 6
112 2
112 818
112 0
112 0
112 0
112 18
112 136
112 0
112 0
112 537
112 8
112 2
112 16
112 115
112 3
112 0
112 0
112 0
112 0
112 357
112 0
112 219
112 18
112 0
112 354
112 0
112 2
112 113
112 675
112 0
112 99
112 1024
112 2
112 476
112 733
112 0
112 6
112 107
112 465
112 0
112 0
112 6
112 2
112 3
112 0
112 371
112 16
112 0
113 0
113 0
113 0
113 0
113 6
113 221
113 101
113 0
113 774
113 650
113 0
113 6
113 0
113 0
113 0
113 2
113 0
113 0
113 0
113 0
113 0
113 98
113 0
113 806
113 722
113 3
113 0
113 2
113 0
113 362
113 0
113 1422
113 541
113 569
113 0
113 0
113 244
113 121
113 586
113 0
113 2
113 1
113 0
113 0
113 2
113 0
113 150
113 12
1 1
1 4
1 0
1 4
1 2
1 0
1 0
1 16
1 0
1 2
1 2
1 2
1 4
1 8
1 4
1 0
1 1
1 0
1 0
1 0
1 12
1 0
1 4
1 2
1 123
1 4
1 12
1 6
1 1
1 12
1 2
1 0
1 2
1 0
1 4
1 4
1 2
1 0
1 2
1 4
1 0
1 4
1 2
1 0
1 2
1 1
1 0
1 14
1 8
1 0
1 1
1 0
1 16
1 0
1 1
1 0
1 0
1 0
1 0
1 0
1 4
2 0
2 0
2 10
2 0
2 2
2 0
2 6
2 0
2 16
2 16
2 16
2 0
2 4
2 0
2 0
2 0
2 1
2 4
2 2
2 14
2 12
2 16
2 1
2 16
2 8
2 105
2 0
2 0
2 1
2 0
2 0
2 0
2 0
2 0
2 14
2 0
2 0
2 0
2 2
2 2
2 0
2 16
2 0
2 0
2 131
2 101
2 18
2 0
2 0
2 16
3 0
3 4
3 10
3 0
3 0
3 0
3 16
3 2
3 0
3 0
3 0
3 0
3 6
3 0
3 6
3 14
3 2
3 4
3 0
3 0
3 0
3 0
3 20
3 4
3 12
3 0
3 10
3 0
3 0
3 0
3 0
3 10
3 6
3 0
3 0
3 0
3 0
3 0
3 0
3 0
3 4
3 10
3 107
3 12
3 0
3 4
3 18
3 14
3 0
3 0
4 16
4 10
4 0
4 10
4 0
4 6
4 0
4 0
4 8
4 18
4 18
4 16
4 12
4 0
4 0
4 10
4 0
4 0
4 0
4 12
4 0
4 0
4 0
4 0
4 12
4 0
4 0
4 0
4 0
4 4
4 10
4 0
4 2
4 0
4 4
4 0
4 0
4 0
4 0
4 99
4 0
4 0
4 0
4 0
4 18
4 0
4 14
4 0
4 0
4 12
5 12
5 0
5 4
5 8
5 0
5 12
5 0
5 0
5 16
5 0
5 99
5 0
5 0
5 8
5 4
5 12
5 0
5 4
5 0
5 0
5 0
5 6
5 12
5 0
5 0
5 111
5 0
5 18
5 14
5 0
5 8
5 0
5 0
5 0
5 8
5 16
5 18
5 0
5 0
5 0
5 0
5 6
5 6
5 0
5 16
5 0
5 0
5 0
5 8
5 0
6 4
6 8
6 0
6 0
6 0
6 0
6 0
6 2
6 0
6 0
6 0
6 14
6 2
6 8
6 0
6 0
6 0
6 0
6 0
6 16
6 12
6 0
6 0
6 14
6 0
6 6
6 8
6 0
6 0
6 0
6 0
6 0
6 0
6 0
6 10
6 16
6 0
6 0
6 6
6 0
6 18
6 16
6 0
6 10
6 0
6 0
6 16
6 0
6 0
6 0
7 0
7 0
7 18
7 8
7 97
7 18
7 0
7 0
7 14
7 10
7 0
7 0
7 0
7 0
7 0
7 0
7 0
7 0
7 0
7 14
7 0
7 0
7 0
7 6
7 12
7 4
7 0
7 0
7 18
7 0
7 10
7 18
7 16
7 0
7 0
7 0
7 0
7 0
7 0
7 0
7 0
7 0
7 6
7 18
7 0
7 10
7 0
7 10
7 0
7 0
8 2
8 10
8 0
8 6
8 0
8 0
8 0
8 10
8 8
8 4
8 8
8 97
8 0
8 16
8 0
8 0
8 10
8 0
8 0
8 0
8 0
8 0
8 0
8 4
8 0
8 0
8 0
8 16
8 8
8 0
8 0
8 0
8 16
8 4
8 0
8 14
8 18
8 10
8 0
8 0
8 6
8 14
8 16
8 12
8 0
8 0
8 16
8 2
8 0
8 0
9 0
9 14
9 0
9 0
9 8
9 4
9 8
9 10
9 2
9 6
9 4
9 6
9 8
9 0
9 0
9 18
9 101
9 0
9 16
9 0
9 0
9 2
9 0
9 12
9 0
9 0
9 18
9 113
9 10
9 0
9 0
9 12
9 0
9 0
9 8
9 0
9 12
9 0
9 0
9 16
9 8
9 12
9 0
9 0
9 0
9 105
9 0
9 6
9 0
9 0
10 0
10 0
10 0
10 12
10 0
10 101
10 8
10 0
10 0
10 8
10 101
10 0
10 0
10 0
10 0
10 0
10 14
10 0
10 0
10 16
10 10
10 18
10 105
10 14
10 12
10 0
10 4
10 0
10 0
10 0
10 0
10 0
10 12
10 14
10 0
10 12
10 12
10 0
10 0
10 4
10 0
10 12
10 0
10 4
10 18
10 0
10 10
10 0
10 0
10 105
11 4
11 0
11 0
11 8
11 113
11 0
11 10
11 8
11 111
11 8
11 0
11 0
11 16
11 18
11 10
11 18
11 18
11 10
11 0
11 0
11 18
11 105
11 0
11 14
11 0
11 0
11 0
11 0
11 12
11 14
11 0
11 10
11 0
11 0
11 0
11 107
11 0
11 0
11 2
11 0
11 0
11 14
11 8
11 6
11 0
11 10
11 16
11 4
11 0
11 0
12 0
12 0
12 10
12 0
12 0
12 14
12 0
12 0
12 0
12 8
12 8
12 0
12 0
12 0
12 0
12 10
12 6
12 8
12 14
12 0
12 101
12 0
12 16
12 14
12 0
12 0
12 0
12 4
12 6
12 0
12 0
12 0
12 0
12 0
12 0
12 0
12 14
12 0
12 0
12 0
12 0
12 0
12 0
12 6
12 0
12 0
12 0
12 18
12 4
12 0
13 6
13 14
13 0
13 0
13 0
13 0
13 16
13 0
13 0
13 0
13 14
13 16
13 0
13 0
13 0
13 0
13 12
13 0
13 0
13 0
13 4
13 0
13 16
13 14
13 18
13 2
13 0
13 0
13 12
13 12
13 2
13 0
13 0
13 18
13 12
13 0
13 0
13 0
13 2
13 0
13 0
13 0
13 0
13 0
13 0
13 0
13 0
13 0
13 2
13 0
14 10
14 0
14 0
14 12
14 0
14 4
14 0
14 8
14 12
14 0
14 0
14 0
14 0
14 0
14 12
14 0
14 8
14 6
14 4
14 0
14 0
14 14
14 0
14 0
14 6
14 0
14 0
14 0
14 0
14 0
14 0
14 0
14 0
14 8
14 0
14 0
14 0
14 12
14 8
14 2
14 0
14 12
14 14
14 2
14 14
14 0
14 0
14 4
14 113
14 18
15 0
15 6
15 0
15 0
15 18
15 0
15 14
15 14
15 0
15 0
15 0
15 0
15 0
15 6
15 10
15 16
15 18
15 0
15 10
15 12
15 18
15 0
15 0
15 2
15 0
15 14
15 0
15 10
15 0
15 18
15 0
15 0
15 0
15 4
15 8
15 0
15 107
15 0
15 16
15 6
15 0
15 0
15 0
15 0
15 0
15 0
15 14
15 0
15 0
15 0
16 6
16 0
16 12
16 0
16 16
16 0
16 0
16 0
16 0
16 12
16 0
16 0
16 12
16 18
16 10
16 0
16 6
16 0
16 2
16 0
16 4
16 0
16 0
16 0
16 16
16 0
16 8
16 0
16 14
16 14
16 0
16 0
16 8
16 4
16 18
16 0
16 0
16 8
16 0
16 18
16 0
16 0
16 101
16 18
16 2
16 0
16 0
16 0
16 0
16 12
17 0
17 12
17 8
17 2
17 0
17 16
17 97
17 0
17 0
17 0
17 0
17 18
17 14
17 0
17 12
17 0
17 16
17 0
17 8
17 12
17 0
17 0
17 0
17 0
17 0
17 14
17 0
17 2
17 0
17 14
17 16
17 0
17 0
17 0
17 0
17 16
17 18
17 18
17 0
17 0
17 0
17 0
17 0
17 0
17 16
17 0
17 16
17 4
17 0
17 0
18 14
18 18
18 2
18 0
18 2
18 0
18 0
18 16
18 0
18 0
18 0
18 107
18 0
18 0
18 0
18 10
18 0
18 10
18 0
18 0
18 0
18 4
18 0
18 0
18 12
18 0
18 10
18 2
18 14
18 0
18 8
18 6
18 2
18 0
18 0
18 0
18 0
18 4
18 0
18 0
18 6
18 0
18 12
18 8
18 0
18 2
18 0
18 0
18 0
18 0
19 16
19 0
19 0
19 0
19 0
19 0
19 4
19 10
19 0
19 12
19 10
19 0
19 0
19 6
19 0
19 0
19 0
19 0
19 0
19 8
19 0
19 18
19 0
19 0
19 0
19 0
19 0
19 0
19 0
19 10
19 2
19 18
19 101
19 14
19 0
19 0
19 16
19 0
19 0
19 0
19 10
19 4
19 0
19 12
19 0
19 0
19 12
19 10
19 14
19 0
20 0
20 6
20 8
20 4
20 0
20 111
20 2
20 0
20 4
20 113
20 18
20 113
20 2
20 0
20 8
20 0
20 12
20 18
20 0
20 10
20 18
20 0
20 10
20 4
20 0
20 0
20 10
20 0
20 8
20 8
20 0
20 4
20 18
20 0
20 0
20 0
20 10
20 0
20 16
20 0
20 0
20 8
20 0
20 2
20 0
20 103
20 2
20 0
20 18
20 12
21 8
21 0
21 0
21 0
21 0
21 16
21 14
21 0
21 2
21 0
21 0
21 10
21 0
21 6
21 0
21 0
21 0
21 18
21 14
21 0
21 0
21 0
21 2
21 0
21 0
21 0
21 12
21 0
21 4
21 0
21 0
21 2
21 6
21 16
21 0
21 16
21 0
21 0
21 0
21 16
21 0
21 14
21 0
21 14
21 12
21 0
21 0
21 0
21 0
21 16
22 10
22 10
22 0
22 6
22 6
22 0
22 0
22 10
22 0
22 0
22 2
22 16
22 12
22 0
22 2
22 0
22 0
22 0
22 0
22 0
22 4
22 0
22 0
22 14
22 0
22 4
22 0
22 2
22 0
22 0
22 16
22 0
22 0
22 16
22 0
22 113
22 0
22 4
22 0
22 0
22 18
22 10
22 4
22 18
22 18
22 0
22 18
22 0
22 0
22 0
23 0
23 12
23 0
23 2
23 6
23 14
23 0
23 12
23 0
23 4
23 0
23 0
23 0
23 4
23 12
23 4
23 0
23 0
23 0
23 0
23 0
23 0
23 0
23 0
23 16
23 0
23 0
23 0
23 8
23 0
23 0
23 2
23 113
23 16
23 0
23 0
23 12
23 16
23 0
23 0
23 14
23 0
23 12
23 0
23 0
23 0
23 0
23 0
23 0
23 18
24 0
24 8
24 10
24 0
24 16
24 0
24 0
24 18
24 0
24 4
24 0
24 12
24 0
24 0
24 0
24 4
24 0
24 0
24 10
24 0
24 0
24 16
24 16
24 0
24 0
24 0
24 0
24 2
24 12
24 10
24 0
24 14
24 2
24 16
24 0
24 12
24 0
24 0
24 18
24 0
24 14
24 0
24 12
24 18
24 0
24 0
24 10
24 0
24 0
24 0
25 10
25 2
25 0
25 0
25 101
25 8
25 4
25 0
25 18
25 0
25 0
25 16
25 8
25 4
25 6
25 0
25 0
25 0
25 12
25 0
25 12
25 10
25 14
25 0
25 0
25 0
25 0
25 0
25 12
25 12
25 6
25 0
25 0
25 18
25 8
25 0
25 0
25 0
25 10
25 10
25 0
25 16
25 2
25 0
25 0
25 4
25 0
25 8
25 10
25 0
26 0
26 0
26 0
26 0
26 12
26 0
26 0
26 18
26 0
26 0
26 0
26 6
26 107
26 10
26 8
26 10
26 10
26 0
26 0
26 0
26 0
26 0
26 0
26 1
26 18
26 4
26 12
26 4
26 0
26 0
26 8
26 0
26 0
26 0
26 0
26 6
26 0
26 0
26 8
26 0
26 6
26 16
26 4
26 4
26 0
26 0
26 0
26 0
26 0
26 2
27 0
27 8
27 0
27 6
27 0
27 2
27 0
27 0
27 16
27 0
27 0
27 0
27 0
27 18
27 0
27 101
27 0
27 0
27 18
27 2
27 0
27 0
27 0
27 18
27 14
27 16
27 12
27 0
27 0
27 0
27 16
27 0
27 0
27 4
27 2
27 4
27 6
27 0
27 0
27 10
27 0
27 1
27 0
27 2
27 0
27 0
27 0
27 0
27 2
27 0
28 0
28 2
28 8
28 18
28 0
28 4
28 18
28 0
28 0
28 0
28 6
28 4
28 0
28 0
28 10
28 0
28 0
28 8
28 0
28 111
28 0
28 0
28 4
28 0
28 2
28 0
28 0
28 6
28 0
28 0
28 0
28 0
28 18
28 0
28 2
28 16
28 4
28 0
28 2
28 0
28 2
28 0
28 0
28 0
28 0
28 12
28 0
28 0
28 113
28 0
29 10
29 10
29 0
29 2
29 0
29 0
29 0
29 0
29 0
29 0
29 6
29 2
29 0
29 0
29 6
29 4
29 6
29 0
29 2
29 10
29 2
29 6
29 0
29 10
29 0
29 18
29 0
29 18
29 0
29 12
29 0
29 0
29 0
29 0
29 0
29 8
29 16
29 12
29 18
29 0
29 0
29 18
29 0
29 8
29 0
29 18
29 0
29 0
29 0
29 0
30 0
30 14
30 0
30 0
30 0
30 8
30 0
30 0
30 0
30 12
30 16
30 0
30 14
30 12
30 0
30 0
30 0
30 18
30 4
30 0
30 0
30 0
30 18
30 0
30 0
30 8
30 0
30 0
30 12
30 2
30 0
30 0
30 4
30 0
30 18
30 10
30 6
30 10
30 12
30 113
30 2
30 8
30 0
30 0
30 0
30 0
30 0
30 0
30 4
30 0
31 8
31 16
31 0
31 4
31 10
31 8
31 6
31 0
31 0
31 0
31 16
31 0
31 18
31 2
31 0
31 0
31 8
31 4
31 0
31 10
31 0
31 0
31 3
31 0
31 2
31 0
31 14
31 14
31 0
31 16
31 0
31 4
31 107
31 14
31 0
31 0
31 0
31 12
31 0
31 4
31 4
31 0
31 6
31 16
31 0
31 12
31 8
31 0
31 8
31 0
32 0
32 16
32 0
32 6
32 0
32 8
32 0
32 16
32 2
32 0
32 0
32 0
32 0
32 12
32 0
32 0
32 2
32 0
32 12
32 6
32 0
32 0
32 109
32 0
32 18
32 18
32 10
32 0
32 0
32 0
32 0
32 0
32 0
32 0
32 6
32 0
32 0
32 0
32 0
32 14
32 101
32 10
32 0
32 0
32 8
32 6
32 0
32 4
32 0
32 0
33 0
33 0
33 0
33 12
33 0
33 14
33 3
33 0
33 107
33 6
33 14
33 0
33 10
33 0
33 0
33 2
33 104
33 0
33 0
33 4
33 0
33 2
33 8
33 16
33 0
33 0
33 0
33 16
33 0
33 0
33 0
33 0
33 6
33 8
33 0
33 2
33 0
33 0
33 2
33 16
33 4
33 4
33 0
33 12
33 12
33 6
33 0
33 16
33 0
33 14
34 113
34 0
34 18
34 16
34 1
34 0
34 0
34 8
34 1
34 8
34 0
34 4
34 0
34 0
34 1
34 0
34 2
34 113
34 0
34 0
34 18
34 2
34 0
34 0
34 18
34 2
34 0
34 0
34 0
34 4
34 0
34 4
34 0
34 0
34 8
34 10
34 2
34 2
34 6
34 1
34 2
34 0
34 0
34 2
34 0
34 6
34 1
34 0
34 4
34 18
35 0
35 0
35 2
35 6
35 0
35 2
35 0
35 0
35 8
35 0
35 16
35 14
35 113
35 0
35 0
35 0
35 0
35 102
35 18
35 4
35 16
35 3
35 1
35 14
35 0
35 16
35 0
35 10
35 2
35 0
35 10
35 0
35 10
35 8
35 0
35 0
35 2
35 0
35 0
35 0
35 2
35 0
35 0
35 3
35 2
35 0
35 0
35 12
35 0
35 119
36 3
36 0
36 18
36 3
36 3
36 0
36 3
36 1
36 105
36 0
36 0
36 0
36 2
36 3
36 0
36 8
36 18
36 0
36 2
36 2
36 0
36 0
36 3
36 2
36 12
36 0
36 0
36 0
36 3
36 0
36 12
36 0
36 3
36 0
36 0
36 0
36 0
36 2
36 3
36 0
36 0
36 0
36 1
36 0
36 10
36 0
36 0
36 115
36 0
36 104
37 118
37 0
37 0
37 0
37 2
37 0
37 1
37 2
37 0
37 3
37 0
37 0
37 104
37 540
37 2
37 4
37 0
37 0
37 210
37 3
37 120
37 0
37 0
37 0
37 4
37 0
37 14
37 0
37 2
37 0
37 0
37 0
37 0
37 0
37 0
37 3
37 0
37 0
37 0
37 8
37 0
37 4
37 4
37 0
37 0
37 8
37 0
37 2
37 125
37 0
38 502
38 0
38 3
38 0
38 0
38 4
38 0
38 14
38 18
38 0
38 0
38 1
38 4
38 115
38 125
38 2
38 115
38 244
38 4
38 0
38 105
38 4
38 0
38 1
38 0
38 4
38 0
38 0
38 0
38 3
38 0
38 107
38 105
38 6
38 0
38 8
38 2
38 4
38 113
38 1
38 8
38 339
38 3
38 119
38 6
38 0
38 3
38 3
38 0
38 10
39 12
39 0
39 0
39 12
39 0
39 103
39 0
39 12
39 4
39 4
39 18
39 0
39 2
39 1
39 0
39 0
39 2
39 3
39 0
39 8
39 0
39 474
39 113
39 10
39 101
39 10
39 0
39 16
39 0
39 6
39 0
39 0
39 0
39 0
39 0
39 0
39 0
39 4
39 0
39 0
39 0
39 4
39 0
39 123
39 0
39 18
39 4
39 1
39 0
39 2
40 4
40 0
40 218
40 18
40 12
40 109
40 0
40 2
40 14
40 6
40 108
40 240
40 0
40 12
40 0
40 0
40 0
40 0
40 0
40 0
40 16
40 10
40 1
40 99
40 107
40 0
40 18
40 236
40 0
40 0
40 2
40 0
40 14
40 3
40 0
40 2
40 0
40 14
40 4
40 2
40 111
40 4
40 0
40 2
40 0
40 0
40 0
40 10
40 0
40 0
41 115
41 2
41 8
41 282
41 2
41 0
41 2
41 0
41 3
41 456
41 10
41 16
41 3
41 0
41 227
41 0
41 4
41 0
41 6
41 107
41 2
41 3
41 4
41 4
41 4
41 6
41 0
41 0
41 0
41 113
41 98
41 103
41 115
41 232
41 3
41 0
41 2
41 335
41 105
41 2
41 4
41 4
41 118
41 109
41 1
41 0
41 8
41 3
41 274
41 0
42 8
42 0
42 14
42 0
42 0
42 0
42 3
42 157
42 4
42 4
42 0
42 10
42 0
42 0
42 2
42 2
42 4
42 0
42 0
42 0
42 2
42 6
42 101
42 0
42 0
42 117
42 2
42 0
42 4
42 105
42 4
42 0
42 2
42 2
42 0
42 2
42 0
42 0
42 1
42 0
42 0
42 0
42 109
42 107
42 4
42 0
42 0
42 0
42 0
42 119
43 0
43 1
43 113
43 119
43 0
43 220
43 0
43 0
43 0
43 0
43 6
43 389
43 8
43 651
43 111
43 14
43 113
43 208
43 0
43 1
43 0
43 12
43 0
43 0
43 4
43 381
43 14
43 0
43 0
43 0
43 119
43 0
43 0
43 2
43 0
43 3
43 117
43 0
43 99
43 12
43 2
43 0
43 0
43 0
43 0
43 0
43 0
43 379
43 0
43 4
44 0
44 0
44 0
44 121
44 3
44 0
44 109
44 0
44 4
44 0
44 0
44 1
44 103
44 2
44 0
44 0
44 226
44 121
44 0
44 105
44 252
44 1
44 0
44 0
44 3
44 119
44 0
44 0
44 343
44 2
44 0
44 99
44 12
44 0
44 16
44 0
44 2
44 2
44 97
44 0
44 0
44 0
44 359
44 0
44 3
44 331
44 4
44 0
44 0
44 0
45 0
45 0
45 0
45 14
45 16
45 0
45 0
45 1
45 12
45 4
45 0
45 137
45 10
45 0
45 127
45 125
45 0
45 0
45 0
45 0
45 0
45 2
45 106
45 0
45 12
45 111
45 0
45 0
45 0
45 0
45 0
45 4
45 101
45 1
45 137
45 105
45 4
45 115
45 4
45 0
45 2
45 0
45 0
45 4
45 1
45 0
45 0
45 18
45 96
45 0
46 0
46 101
46 0
46 2
46 0
46 0
46 0
46 0
46 2
46 97
46 105
46 6
46 0
46 2
46 0
46 98
46 0
46 0
46 0
46 103
46 14
46 3
46 0
46 0
46 0
46 113
46 0
46 0
46 4
46 0
46 0
46 2
46 3
46 6
46 0
46 113
46 2
46 4
46 0
46 106
46 3
46 0
46 6
46 8
46 0
46 0
46 0
46 4
46 14
46 0
47 0
47 3
47 1
47 116
47 0
47 0
47 14
47 0
47 2
47 0
47 0
47 14
47 113
47 3
47 0
47 2
47 14
47 109
47 0
47 0
47 18
47 0
47 0
47 0
47 0
47 1
47 0
47 4
47 12
47 111
47 2
47 6
47 0
47 4
47 1
47 0
47 488
47 107
47 0
47 0
47 12
47 2
47 117
47 0
47 115
47 0
47 0
47 111
47 3
47 0
48 0
48 109
48 8
48 0
48 0
48 1
48 1
48 0
48 0
48 0
48 222
48 1
48 0
48 0
48 0
48 0
48 0
48 2
48 113
48 1
48 107
48 0
48 10
48 10
48 0
48 4
48 0
48 16
48 0
48 0
48 3
48 3
48 0
48 2
48 4
48 117
48 4
48 0
48 3
48 0
48 107
48 10
48 0
48 442
48 2
48 3
48 3
48 2
48 10
48 113
49 107
49 0
49 4
49 0
49 0
49 0
49 12
49 4
49 104
49 0
49 0
49 111
49 0
49 0
49 0
49 0
49 2
49 0
49 0
49 16
49 107
49 4
49 119
49 4
49 0
49 16
49 0
49 6
49 0
49 0
49 6
49 10
49 8
49 4
49 16
49 0
49 0
49 121
49 3
49 18
49 0
49 224
49 4
49 12
49 0
49 0
49 0
49 2
49 0
49 0
50 0
50 0
50 6
50 0
50 0
50 6
50 2
50 0
50 6
50 8
50 2
50 236
50 16
50 2
50 2
50 0
50 0
50 0
50 244
50 111
50 4
50 0
50 6
50 0
50 0
50 0
50 2
50 0
50 4
50 4
50 8
50 0
50 0
50 0
50 3
50 0
50 0
50 0
50 0
50 0
50 14
50 0
50 14
50 115
50 123
50 0
50 2
50 14
50 0
50 18
51 0
51 12
51 0
51 6
51 107
51 4
51 0
51 12
51 113
51 0
51 8
51 0
51 18
51 2
51 4
51 107
51 0
51 0
51 117
51 0
51 4
51 8
51 117
51 0
51 0
51 0
51 0
51 151
51 107
51 2
51 117
51 0
51 0
51 4
51 0
51 121
51 4
51 0
51 0
51 115
51 0
51 1
51 0
51 10
51 121
51 2
51 0
51 4
51 105
51 8
52 0
52 0
52 0
52 0
52 97
52 2
52 0
52 0
52 0
52 8
52 264
52 0
52 0
52 0
52 4
52 0
52 0
52 0
52 0
52 2
52 103
52 14
52 12
52 0
52 102
52 0
52 8
52 0
52 127
52 113
52 0
52 0
52 0
52 0
52 341
52 1
52 0
52 0
52 0
52 10
52 113
52 244
52 0
52 4
52 0
52 0
52 6
52 14
52 0
52 371
53 0
53 0
53 236
53 18
53 139
53 2
53 0
53 99
53 14
53 831
53 0
53 0
53 0
53 0
53 6
53 4
53 123
53 109
53 0
53 127
53 0
53 0
53 16
53 0
53 2
53 0
53 14
53 0
53 0
53 0
53 0
53 4
53 2
53 0
53 1
53 2
53 0
53 99
53 0
53 10
53 230
53 0
53 10
53 18
53 220
53 119
53 117
53 0
53 0
53 0
54 103
54 0
54 0
54 224
54 0
54 8
54 0
54 0
54 0
54 101
54 101
54 129
54 0
54 1
54 12
54 0
54 2
54 0
54 0
54 2
54 103
54 6
54 0
54 0
54 5
54 0
54 0
54 18
54 10
54 0
54 0
54 4
54 6
54 0
54 0
54 4
54 339
54 153
54 0
54 0
54 0
54 466
54 8
54 111
54 0
54 0
54 4
54 0
54 333
54 12
55 0
55 0
55 599
55 1
55 0
55 0
55 2
55 20
55 0
55 12
55 0
55 18
55 107
55 0
55 2
55 0
55 1
55 16
55 0
55 0
55 735
55 1
55 133
55 0
55 0
55 0
55 0
55 102
55 0
55 0
55 0
55 0
55 206
55 0
55 141
55 0
55 0
55 0
55 4
55 18
55 2
55 108
55 95
55 0
55 0
55 121
55 0
55 0
55 0
55 0
56 0
56 4
56 2
56 0
56 109
56 114
56 3
56 6
56 2
56 126
56 0
56 0
56 346
56 0
56 112
56 18
56 109
56 0
56 110
56 284
56 0
56 1
56 107
56 0
56 107
56 209
56 2
56 0
56 4
56 0
56 235
56 0
56 323
56 2
56 0
56 0
56 109
56 0
56 0
56 0
56 0
56 111
56 0
56 0
56 12
56 113
56 248
56 101
56 105
56 8
57 676
57 0
57 0
57 103
57 18
57 2
57 0
57 0
57 2
57 99
57 16
57 2
57 0
57 0
57 6
57 328
57 113
57 0
57 125
57 0
57 823
57 14
57 3
57 533
57 314
57 0
57 0
57 230
57 0
57 0
57 105
57 120
57 0
57 111
57 109
57 12
57 2
57 0
57 125
57 10
57 0
57 4
57 337
57 0
57 710
57 16
57 100
57 4
57 0
57 216
58 2
58 949
58 3
58 0
58 457
58 122
58 0
58 118
58 0
58 655
58 6
58 200
58 109
58 325
58 4
58 477
58 111
58 0
58 252
58 103
58 4
58 1
58 246
58 2
58 116
58 6
58 696
58 0
58 0
58 0
58 106
58 4
58 2
58 0
58 2
58 2
58 601
58 1
58 0
58 0
58 0
58 3
58 3
58 2
58 628
58 0
58 2
58 0
58 0
58 14
59 234
59 0
59 4
59 8
59 2
59 113
59 0
59 0
59 0
59 198
59 129
59 2
59 96
59 331
59 2
59 210
59 2
59 2
59 238
59 379
59 229
59 546
59 1
59 104
59 973
59 1
59 0
59 238
59 2
59 0
59 109
59 0
59 0
59 0
59 568
59 234
59 0
59 0
59 105
59 125
59 101
59 0
59 851
59 101
59 115
59 0
59 0
59 0
59 347
59 432
60 793
60 6
60 0
60 1
60 14
60 10
60 110
60 274
60 0
60 217
60 0
60 0
60 2
60 0
60 0
60 0
60 0
60 0
60 0
60 10
60 0
60 2558
60 0
60 0
60 0
60 0
60 0
60 2
60 106
60 2
60 0
60 0
60 3
60 501
60 2
60 212
60 0
60 8
60 122
60 0
60 794
60 99
60 0
60 540
60 2
60 248
60 0
60 219
60 609
60 6
61 1898
61 212
61 0
61 1982
61 3
61 2
61 99
61 0
61 0
61 566
61 0
61 0
61 14
61 2243
61 2
61 0
61 0
61 0
61 588
61 0
61 219
61 0
61 326
61 2
61 1
61 2
61 0
61 422
61 111
61 0
61 14
61 354
61 3
61 96
61 8
61 1420
61 0
61 551
61 4
61 4
61 236
61 108
61 2
61 1
61 0
61 544
61 8
61 121
61 14
61 452
62 1125
62 1008
62 3059
62 421
62 3
62 2601
62 4
62 1753
62 4
62 123
62 4
62 2
62 0
62 0
62 2836
62 0
62 1661
62 4
62 0
62 4
62 0
62 6
62 224
62 1789
62 124
62 948
62 0
62 674
62 230
62 0
62 0
62 2
62 104
62 0
62 0
62 3669
62 2616
62 1017
62 2664
62 0
62 123
62 4
62 0
62 4
62 0
62 0
62 3179
62 1
62 4
62 3689
63 829
63 0
63 0
63 0
63 0
63 1
63 2
63 101
63 0
63 0
63 4
63 4
63 0
63 0
63 222
63 949
63 0
63 0
63 3
63 106
63 542
63 1
63 2
63 1670
63 2
63 4602
63 101
63 4
63 2
63 2186
63 1626
63 0
63 121
63 2
63 1045
63 0
63 0
63 0
63 0
63 418
63 0
63 2
63 1028
63 0
63 4465
63 343
63 2783
63 4
63 2
63 0
64 1380
64 0
64 0
64 127
64 0
64 2
64 1170
64 0
64 0
64 121
64 0
64 97
64 1944
64 2570
64 947
64 423
64 0
64 4
64 4
64 0
64 114
64 1028
64 0
64 0
64 1359
64 205
64 225
64 2869
64 0
64 0
64 4
64 0
64 0
64 101
64 8
64 0
64 216
64 2
64 0
64 20
64 4
64 1268
64 0
64 2340
64 1129
64 0
64 0
64 0
64 4
64 2997
65 0
65 0
65 4
65 240
65 0
65 8
65 362
65 111
65 0
65 4
65 4070
65 0
65 8
65 0
65 457
65 2856
65 107
65 118
65 1
65 0
65 2570
65 1270
65 242
65 3182
65 3
65 0
65 2
65 4668
65 3880
65 0
65 2
65 2981
65 556
65 2
65 0
65 4411
65 1439
65 0
65 1617
65 129
65 2899
65 2510
65 997
65 340
65 1651
65 2
65 0
65 0
65 3
65 0
66 1287
66 0
66 2755
66 0
66 102
66 0
66 0
66 230
66 131
66 0
66 5
66 0
66 2
66 102
66 3067
66 0
66 3
66 4
66 2
66 227
66 3745
66 0
66 0
66 0
66 566
66 0
66 5
66 1580
66 0
66 0
66 0
66 828
66 1794
66 0
66 0
66 1977
66 1410
66 2
66 2
66 121
66 2139
66 0
66 1548
66 3076
66 0
66 0
66 0
66 0
66 0
66 2521
67 2422
67 210
67 4
67 235
67 0
67 119
67 0
67 0
67 18
67 103
67 0
67 4
67 2
67 0
67 10
67 0
67 368
67 0
67 0
67 0
67 1
67 0
67 1670
67 112
67 4
67 952
67 0
67 123
67 2998
67 232
67 0
67 1267
67 113
67 4
67 117
67 0
67 809
67 2649
67 215
67 0
67 0
67 105
67 123
67 0
67 0
67 0
67 2
67 0
67 0
67 1150
68 2229
68 1816
68 103
68 0
68 121
68 2
68 345
68 234
68 0
68 2
68 2
68 0
68 2
68 798
68 113
68 0
68 2
68 4206
68 0
68 0
68 486
68 2
68 2
68 0
68 0
68 0
68 117
68 0
68 0
68 0
68 2
68 4
68 0
68 109
68 117
68 0
68 0
68 1754
68 2
68 108
68 2
68 0
68 2830
68 0
68 0
68 0
68 0
68 0
68 0
68 99
69 2804
69 2643
69 0
69 115
69 4
69 4
69 0
69 2319
69 117
69 2601
69 1268
69 3032
69 0
69 2
69 2
69 542
69 3578
69 109
69 221
69 0
69 3845
69 0
69 102
69 2
69 0
69 336
69 4
69 1010
69 2
69 392
69 117
69 350
69 0
69 106
69 135
69 328
69 0
69 1364
69 1983
69 1
69 2070
69 116
69 2
69 105
69 1654
69 2725
69 0
69 109
69 101
69 101
70 4928
70 0
70 1252
70 2677
70 0
70 113
70 4
70 0
70 3
70 0
70 120
70 1057
70 435
70 4
70 1730
70 3224
70 0
70 225
70 117
70 3267
70 0
70 114
70 0
70 0
70 0
70 836
70 0
70 2009
70 5825
70 3536
70 2
70 1
70 0
70 0
70 3133
70 0
70 2
70 125
70 2
70 0
70 119
70 1623
70 0
70 113
70 0
70 0
70 2035
70 150
70 0
70 214
71 2712
71 0
71 2255
71 1244
71 0
71 104
71 0
71 2
71 3147
71 0
71 0
71 3770
71 121
71 0
71 0
71 4726
71 2
71 1632
71 5
71 2050
71 3200
71 225
71 4
71 4
71 2208
71 0
71 0
71 374
71 5
71 0
71 2
71 0
71 3527
71 117
71 1756
71 0
71 0
71 218
71 4205
71 111
71 2
71 311
71 0
71 4
71 225
71 1472
71 2154
71 0
71 0
71 4
72 0
72 0
72 4
72 108
72 422
72 2469
72 0
72 2097
72 96
72 0
72 107
72 1917
72 3246
72 589
72 6024
72 107
72 2629
72 1167
72 0
72 0
72 2
72 4
72 307
72 0
72 1299
72 0
72 111
72 0
72 4
72 0
72 3875
72 0
72 696
72 1
72 0
72 106
72 0
72 0
72 8
72 2
72 5369
72 0
72 2119
72 105
72 125
72 2
72 2
72 2100
72 104
72 2293
73 3513
73 1080
73 98
73 2
73 419
73 2468
73 0
73 103
73 2
73 3327
73 2
73 0
73 0
73 1
73 227
73 0
73 0
73 307
73 0
73 204
73 8
73 2341
73 12
73 0
73 0
73 747
73 105
73 223
73 4079
73 1681
73 116
73 0
73 0
73 0
73 4666
73 0
73 989
73 0
73 117
73 2
73 120
73 2
73 0
73 1840
73 4
73 321
73 3321
73 3
73 2361
73 0
74 0
74 118
74 4
74 3711
74 3794
74 3
74 0
74 6
74 0
74 454
74 4
74 0
74 1703
74 2246
74 0
74 0
74 3571
74 0
74 113
74 111
74 3251
74 1971
74 0
74 2
74 0
74 97
74 4
74 4
74 0
74 0
74 2
74 0
74 1
74 1722
74 2
74 1
74 103
74 4
74 2606
74 1587
74 774
74 0
74 0
74 0
74 678
74 0
74 1775
74 121
74 3678
74 0
75 3674
75 123
75 0
75 0
75 2
75 2830
75 0
75 0
75 1346
75 2745
75 1399
75 2664
75 0
75 527
75 2410
75 0
75 1
75 0
75 3
75 0
75 121
75 396
75 125
75 2053
75 3394
75 0
75 0
75 0
75 1639
75 2
75 0
75 0
75 0
75 0
75 8
75 1643
75 2577
75 2
75 2
75 0
75 0
75 240
75 373
75 0
75 0
75 0
75 118
75 119
75 121
75 2
76 1410
76 1786
76 2
76 1980
76 0
76 112
76 2009
76 3923
76 2263
76 1814
76 111
76 3463
76 0
76 2
76 0
76 0
76 1212
76 245
76 220
76 204
76 0
76 3006
76 200
76 1
76 1
76 2
76 0
76 433
76 4149
76 0
76 0
76 1307
76 5
76 0
76 2394
76 1
76 2
76 0
76 757
76 2
76 1427
76 108
76 14
76 118
76 0
76 4
76 0
76 8
76 0
76 106
77 0
77 3556
77 0
77 0
77 0
77 560
77 2902
77 114
77 3926
77 2
77 0
77 0
77 460
77 116
77 3168
77 2079
77 3167
77 1
77 2001
77 2343
77 3
77 3547
77 1385
77 107
77 8
77 1
77 2
77 1736
77 2
77 1356
77 0
77 0
77 959
77 0
77 454
77 4222
77 1835
77 4
77 1024
77 0
77 3
77 115
77 0
77 2483
77 224
77 2707
77 6
77 1
77 655
77 0
78 4917
78 223
78 3596
78 115
78 101
78 0
78 384
78 2983
78 0
78 2550
78 1291
78 8
78 10
78 2604
78 0
78 2740
78 4
78 3195
78 0
78 0
78 1169
78 1
78 0
78 766
78 2
78 127
78 8
78 3644
78 254
78 3847
78 3
78 0
78 0
78 18
78 108
78 3957
78 2567
78 0
78 116
78 0
78 0
78 6
78 0
78 104
78 0
78 0
78 3184
78 0
78 2
78 8
79 2265
79 0
79 2
79 0
79 447
79 1639
79 2
79 216
79 1313
79 0
79 0
79 1900
79 0
79 0
79 116
79 548
79 0
79 3
79 0
79 4375
79 0
79 10
79 1320
79 3810
79 0
79 3325
79 0
79 8
79 328
79 0
79 1
79 4
79 115
79 1360
79 0
79 111
79 2
79 0
79 5
79 0
79 0
79 8
79 0
79 96
79 1088
79 0
79 1387
79 0
79 99
79 4
80 1252
80 815
80 0
80 0
80 1007
80 0
80 2512
80 0
80 2969
80 1
80 2943
80 0
80 0
80 684
80 116
80 3049
80 0
80 117
80 0
80 2
80 2261
80 0
80 0
80 0
80 472
80 227
80 3
80 121
80 4
80 0
80 3628
80 2
80 3004
80 4
80 0
80 115
80 0
80 0
80 0
80 0
80 1557
80 0
80 323
80 5
80 2
80 4
80 683
80 2
80 2
80 0
81 0
81 2
81 2
81 3047
81 552
81 208
81 520
81 0
81 0
81 2927
81 4880
81 2
81 401
81 0
81 0
81 0
81 3476
81 0
81 1
81 212
81 0
81 4
81 0
81 679
81 1042
81 0
81 327
81 1384
81 4
81 2649
81 0
81 124
81 2
81 681
81 218
81 0
81 1999
81 113
81 0
81 675
81 0
81 8
81 0
81 3482
81 232
81 2
81 2049
81 1
81 591
81 101
82 4573
82 4
82 3255
82 0
82 0
82 0
82 2
82 2791
82 114
82 2
82 0
82 112
82 2
82 0
82 0
82 4
82 2
82 0
82 111
82 0
82 673
82 0
82 6
82 1
82 3295
82 2
82 0
82 2
82 0
82 1
82 1640
82 0
82 2
82 129
82 3
82 117
82 2843
82 0
82 2
82 244
82 0
82 4
82 1
82 114
82 0
82 2
82 1346
82 0
82 2803
82 454
83 1987
83 627
83 99
83 2
83 4
83 111
83 3
83 2
83 3
83 0
83 2345
83 119
83 204
83 0
83 0
83 6
83 2
83 0
83 2
83 5
83 2
83 0
83 113
83 6
83 4077
83 0
83 0
83 238
83 119
83 4
83 2
83 1078
83 0
83 0
83 0
83 513
83 4
83 0
83 3
83 0
83 2722
83 219
83 2520
83 4043
83 216
83 2
83 1445
83 2441
83 3652
83 889
84 2219
84 2
84 3
84 0
84 111
84 0
84 2
84 3
84 8
84 0
84 0
84 0
84 2252
84 2243
84 0
84 0
84 0
84 0
84 3711
84 0
84 124
84 1
84 2
84 0
84 0
84 440
84 0
84 4
84 101
84 2807
84 1102
84 93
84 3721
84 0
84 0
84 4
84 227
84 0
84 0
84 0
84 1
84 2
84 1844
84 98
84 1
84 0
84 5
84 224
84 4
84 0
85 651
85 0
85 0
85 237
85 103
85 2
85 337
85 222
85 110
85 1866
85 4
85 101
85 12
85 2
85 99
85 256
85 2467
85 113
85 0
85 0
85 331
85 0
85 2
85 0
85 3172
85 2030
85 1124
85 2
85 114
85 1523
85 2
85 1
85 4
85 216
85 1791
85 0
85 8
85 0
85 0
85 3270
85 1090
85 115
85 2375
85 2382
85 2
85 692
85 4
85 945
85 1392
85 2
86 0
86 2
86 2
86 0
86 6
86 105
86 3477
86 111
86 652
86 0
86 968
86 0
86 0
86 0
86 0
86 4
86 4
86 0
86 4
86 116
86 0
86 0
86 5263
86 2
86 0
86 2
86 14
86 2
86 2
86 0
86 2
86 2
86 4604
86 0
86 3916
86 6
86 0
86 2
86 2
86 0
86 0
86 0
86 3
86 108
86 0
86 0
86 0
86 0
86 593
86 0
87 3235
87 0
87 2
87 0
87 1773
87 1170
87 0
87 118
87 4
87 0
87 2
87 0
87 0
87 2
87 1
87 0
87 4
87 2
87 0
87 2
87 0
87 0
87 1530
87 810
87 0
87 0
87 2
87 1
87 110
87 2
87 0
87 2
87 0
87 2
87 4343
87 1
87 2
87 2
87 2
87 2
87 1166
87 84
87 0
87 4
87 4
87 3
87 0
87 2
87 2
87 2
88 3531
88 3251
88 2
88 221
88 2244
88 5
88 0
88 301
88 0
88 0
88 0
88 115
88 491
88 5
88 0
88 2
88 102
88 0
88 4201
88 95
88 2
88 18
88 1
88 1762
88 2
88 109
88 2
88 0
88 123
88 4
88 8
88 3979
88 2
88 121
88 0
88 0
88 210
88 0
88 2099
88 0
88 4
88 105
88 1024
88 4
88 0
88 485
88 1093
88 2
88 0
88 4
89 1045
89 4
89 2
89 311
89 3316
89 2
89 3
89 2
89 0
89 10
89 0
89 2
89 1578
89 0
89 0
89 0
89 772
89 2
89 2
89 0
89 4421
89 1425
89 18
89 2983
89 2044
89 1
89 0
89 2
89 1022
89 0
89 0
89 2
89 2554
89 1530
89 0
89 0
89 0
89 4291
89 1511
89 0
89 2
89 2
89 2
89 111
89 0
89 2
89 4
89 2329
89 3621
89 2
90 1881
90 0
90 2395
90 0
90 2537
90 2431
90 16
90 0
90 1
90 105
90 119
90 1770
90 2
90 0
90 2
90 0
90 2
90 327
90 2
90 5
90 1
90 115
90 2583
90 1
90 0
90 0
90 0
90 0
90 2
90 119
90 2904
90 8
90 1067
90 0
90 3237
90 0
90 1885
90 0
90 2
90 2
90 0
90 111
90 0
90 4173
90 8
90 2
90 106
90 0
90 148
90 1343
91 2318
91 1955
91 2850
91 119
91 0
91 0
91 2
91 208
91 6
91 2
91 2
91 4
91 2
91 2183
91 108
91 3808
91 96
91 0
91 501
91 2460
91 3711
91 0
91 3140
91 2
91 1005
91 3239
91 2
91 4
91 0
91 435
91 0
91 0
91 328
91 0
91 0
91 0
91 902
91 1
91 2434
91 1375
91 3243
91 1532
91 1197
91 120
91 0
91 14
91 1
91 268
91 1218
91 5
92 0
92 2
92 109
92 2
92 0
92 0
92 116
92 3
92 0
92 112
92 5
92 3134
92 1493
92 100
92 0
92 0
92 2
92 0
92 4
92 2454
92 2
92 0
92 4
92 186
92 2877
92 1427
92 2543
92 125
92 2551
92 0
92 0
92 0
92 4252
92 0
92 1
92 0
92 3
92 419
92 5
92 0
92 1
92 8
92 8
92 118
92 1137
92 0
92 0
92 1128
92 2
92 0
93 2007
93 2
93 0
93 0
93 3452
93 2
93 0
93 2
93 2
93 0
93 0
93 8
93 1095
93 97
93 1551
93 0
93 1
93 5
93 0
93 4
93 0
93 109
93 2
93 437
93 2
93 109
93 0
93 119
93 2
93 3
93 3
93 0
93 2
93 3
93 4
93 0
93 1817
93 2
93 0
93 4
93 2
93 0
93 6
93 2
93 0
93 0
93 3
93 1
93 1
93 8
94 1411
94 0
94 4
94 2
94 4
94 1536
94 2
94 0
94 0
94 116
94 1566
94 0
94 99
94 0
94 0
94 0
94 1
94 123
94 1593
94 0
94 1
94 2
94 121
94 0
94 111
94 0
94 1258
94 4194
94 524
94 1130
94 94
94 236
94 0
94 0
94 8
94 1
94 3464
94 0
94 2031
94 98
94 0
94 2
94 0
94 115
94 0
94 4
94 0
94 0
94 0
94 0
95 2890
95 4
95 0
95 3050
95 0
95 1962
95 2754
95 1291
95 4053
95 0
95 18
95 210
95 5
95 0
95 0
95 2
95 3078
95 0
95 2
95 0
95 4
95 224
95 1103
95 4082
95 0
95 0
95 2269
95 3
95 14
95 3039
95 0
95 2
95 1932
95 222
95 1770
95 3348
95 2
95 2711
95 776
95 0
95 2103
95 0
95 2867
95 109
95 0
95 432
95 2260
95 2
95 2
95 2
96 0
96 0
96 0
96 0
96 2736
96 1482
96 2907
96 2
96 3816
96 2
96 4
96 0
96 0
96 4191
96 0
96 4652
96 2167
96 18
96 2635
96 105
96 1964
96 0
96 111
96 0
96 116
96 1
96 2
96 4
96 117
96 1868
96 0
96 0
96 2
96 3028
96 2
96 2
96 0
96 0
96 276
96 0
96 3952
96 2
96 1422
96 96
96 2
96 1
96 1836
96 1743
96 225
96 0
97 7588
97 0
97 1
97 2
97 2
97 10
97 3400
97 3367
97 791
97 4
97 1
97 145
97 2
97 0
97 0
97 107
97 3072
97 4
97 107
97 96
97 2
97 117
97 0
97 718
97 1
97 2952
97 0
97 2
97 0
97 113
97 0
97 3
97 109
97 109
97 2
97 18
97 2
97 99
97 2
97 1678
97 112
97 0
97 2897
97 0
97 123
97 0
97 0
97 0
97 1641
97 2
98 3334
98 2
98 511
98 6057
98 107
98 0
98 0
98 122
98 2553
98 104
98 2
98 2669
98 2
98 1
98 0
98 3637
98 0
98 328
98 4701
98 2
98 0
98 1052
98 0
98 2
98 87
98 4
98 0
98 0
98 4
98 101
98 4283
98 2161
98 3665
98 0
98 2
98 6
98 3011
98 3599
98 663
98 10
98 1949
98 0
98 18
98 646
98 509
98 0
98 430
98 3
98 0
98 1
99 0
99 0
99 0
99 3
99 2
99 4
99 3070
99 525
99 1
99 2
99 2
99 3057
99 1028
99 2
99 2
99 6
99 0
99 0
99 0
99 4
99 4
99 3975
99 0
99 2
99 4931
99 1544
99 4
99 113
99 0
99 2
99 6784
99 1698
99 2505
99 101
99 6177
99 2449
99 0
99 2655
99 2
99 3
99 0
99 2
99 259
99 0
99 0
99 2
99 2
99 1
99 3016
99 1
100 2
100 4127
100 0
100 0
100 8
100 8
100 3070
100 4
100 110
100 3
100 800
100 0
100 0
100 7303
100 4147
100 116
100 4299
100 0
100 1
100 5871
100 107
100 2385
100 2218
100 8
100 0
100 3
100 5634
100 107
100 0
100 110
100 0
100 1565
100 0
100 2151
100 0
100 0
100 99
100 767
100 0
100 529
100 2
100 2
100 104
100 3952
100 0
100 0
100 0
100 2288
100 0
100 5383
101 4326
101 8
101 0
101 0
101 3037
101 1899
101 6
101 96
101 0
101 2
101 6020
101 3488
101 0
101 4791
101 108
101 6
101 2
101 0
101 119
101 0
101 95
101 3
101 0
101 0
101 2963
101 335
101 2
101 590
101 4
101 4
101 0
101 3552
101 224
101 4
101 106
101 892
101 3293
101 4
101 6
101 99
101 219
101 0
101 0
101 4456
101 1498
101 110
101 10
101 1684
101 1
101 97
102 5217
102 0
102 0
102 0
102 6
102 0
102 0
102 2
102 0
102 1291
102 0
102 2
102 0
102 3
102 8
102 0
102 0
102 3382
102 3296
102 0
102 2
102 1138
102 0
102 5666
102 114
102 326
102 0
102 2
102 0
102 0
102 360
102 0
102 0
102 99
102 2
102 8
102 2
102 130
102 1
102 3
102 4
102 0
102 0
102 106
102 0
102 0
102 3164
102 0
102 7
102 0
103 0
103 96
103 0
103 2796
103 3892
103 2
103 2
103 2
103 6
103 5849
103 5
103 16
103 3372
103 108
103 674
103 0
103 0
103 0
103 4
103 0
103 102
103 127
103 5
103 3
103 7725
103 3440
103 0
103 0
103 3119
103 0
103 1
103 0
103 2
103 1620
103 0
103 1
103 0
103 0
103 120
103 1
103 3
103 0
103 0
103 2
103 0
103 2189
103 3
103 3
103 0
103 0
104 0
104 114
104 212
104 0
104 0
104 0
104 4
104 2164
104 3284
104 4
104 640
104 2
104 2226
104 0
104 1
104 109
104 139
104 8
104 2
104 0
104 2968
104 2
104 3139
104 0
104 1
104 0
104 5307
104 1
104 0
104 1616
104 570
104 3
104 4318
104 0
104 0
104 4105
104 0
104 0
104 4824
104 0
104 0
104 0
104 102
104 2757
104 0
104 0
104 5089
104 1969
104 2
104 2
105 0
105 0
105 0
105 0
105 0
105 6
105 461
105 0
105 4
105 0
105 2497
105 0
105 309
105 3
105 445
105 0
105 0
105 101
105 103
105 129
105 0
105 237
105 3684
105 0
105 2
105 6090
105 2
105 8
105 0
105 6
105 0
105 0
105 6
105 2
105 3
105 4
105 0
105 99
105 0
105 0
105 0
105 5387
105 2
105 2
105 101
105 2
105 510
105 2
105 1901
105 0
106 4071
106 8
106 0
106 2
106 0
106 6
106 3863
106 10
106 4
106 121
106 104
106 0
106 3
106 345
106 0
106 6
106 2
106 0
106 0
106 3668
106 5
106 4868
106 8
106 2690
106 0
106 105
106 10
106 0
106 2890
106 0
106 2354
106 1076
106 2
106 557
106 2
106 8
106 1
106 2748
106 0
106 5706
106 381
106 104
106 221
106 3
106 5049
106 0
106 3826
106 540
106 6
106 121
107 1089
107 0
107 0
107 2
107 0
107 3267
107 1
107 2
107 0
107 6
107 1
107 2
107 2
107 0
107 0
107 2
107 4759
107 0
107 0
107 367
107 0
107 2998
107 0
107 2
107 0
107 0
107 2
107 0
107 0
107 2
107 0
107 783
107 0
107 0
107 0
107 2
107 3183
107 4
107 0
107 10
107 1
107 1865
107 307
107 5
107 0
107 6
107 0
107 5835
107 0
107 0
108 0
108 5371
108 4
108 0
108 0
108 6
108 2
108 6
108 4119
108 3
108 2096
108 6430
108 349
108 422
108 0
108 1
108 1453
108 0
108 8
108 1
108 5078
108 4
108 0
108 3168
108 0
108 4
108 0
108 2
108 2
108 4805
108 3
108 2
108 235
108 0
108 0
108 3
108 4263
108 1922
108 2820
108 0
108 0
108 0
108 0
108 5363
108 4982
108 0
108 7319
108 0
108 8
108 0
109 4870
109 0
109 0
109 3
109 0
109 5
109 4430
109 0
109 3404
109 4
109 115
109 0
109 0
109 5
109 5
109 109
109 97
109 0
109 2
109 0
109 4005
109 7610
109 2
109 99
109 8
109 3273
109 113
109 1
109 0
109 1835
109 7120
109 127
109 0
109 0
109 0
109 4109
109 0
109 0
109 2
109 0
109 109
109 0
109 2
109 0
109 5977
109 1358
109 0
109 2
109 8
109 227
110 2
110 1
110 0
110 118
110 0
110 0
110 524
110 3
110 2613
110 1584
110 2
110 1
110 0
110 0
110 2
110 5120
110 4
110 4
110 108
110 0
110 111
110 0
110 7819
110 112
110 4485
110 0
110 3
110 4520
110 5183
110 6
110 3651
110 6931
110 5
110 0
110 0
110 1
110 8270
110 0
110 7613
110 4
110 0
110 1020
110 1775
110 208
110 5162
110 0
110 2165
110 3101
110 0
110 0
111 2669
111 0
111 0
111 2
111 2
111 2924
111 2
111 5
111 3445
111 0
111 0
111 101
111 2
111 2
111 2
111 3867
111 2
111 1096
111 1
111 1
111 391
111 1254
111 1
111 3829
111 0
111 0
111 3861
111 4
111 2
111 1
111 0
111 0
111 0
111 201
111 3
111 8
111 2
111 4
111 0
111 0
111 118
111 4
111 0
111 0
111 0
111 0
111 0
111 0
111 6059
111 10
112 0
112 0
112 0
112 6185
112 2
112 0
112 6
112 4
112 3464
112 2476
112 6
112 0
112 0
112 0
112 6
112 3298
112 0
112 0
112 0
112 0
112 226
112 135
112 0
112 0
112 0
112 0
112 0
112 0
112 3
112 2
112 6
112 0
112 6447
112 0
112 101
112 1
112 4503
112 1
112 112
112 0
112 2091
112 0
112 0
112 4
112 134
112 1887
112 0
112 0
112 0
112 4815
113 0
113 8
113 1
113 103
113 102
113 105
113 4
113 2
113 0
113 6
113 3661
113 4
113 111
113 2
113 2
113 233
113 8
113 0
113 2
113 98
113 0
113 0
113 3500
113 5537
113 103
113 2
113 2
113 102
113 0
113 0
113 0
113 2
113 20
113 674
113 1
113 5384
113 0
113 1
113 337
113 2
113 2571
113 5382
113 2
113 127
113 107
113 0
113 108
113 3825
113 4334
113 0
114 5453
114 5397
114 0
114 123
114 2
114 0
114 2
114 0
114 9
114 111
114 115
114 5232
114 0
114 0
114 6
114 0
114 0
114 0
114 0
114 348
114 2
114 0
114 5712
114 0
114 6841
114 0
114 2
114 0
114 0
114 0
114 0
114 6
114 2
114 4
114 8
114 3602
114 5885
114 1514
114 4073
114 0
114 0
114 133
114 0
114 1
114 2
114 0
114 0
114 3612
114 2
114 5769
115 0
115 0
115 12
115 0
115 4408
115 0
115 1
115 317
115 2
115 0
115 92
115 0
115 4
115 98
115 2784
115 6
115 2642
115 0
115 342
115 0
115 2
115 1
115 0
115 4
115 3
115 0
115 0
115 3921
115 0
115 2
115 2
115 8
115 4894
115 3301
115 2
115 2
115 4
115 126
115 0
115 1
115 103
115 0
115 0
115 100
115 0
115 1605
115 3
115 171
115 7278
115 8
116 0
116 3
116 2537
116 2366
116 0
116 6508
116 4187
116 239
116 2
116 2
116 6
116 913
116 2895
116 124
116 0
116 0
116 111
116 1
116 2241
116 0
116 3
116 0
116 6736
116 7443
116 0
116 4
116 3
116 117
116 2421
116 0
116 112
116 2
116 0
116 2
116 3
116 2
116 0
116 0
116 0
116 2
116 0
116 111
116 2
116 0
116 2
116 0
116 2
116 1
116 7750
116 4999
117 0
117 6145
117 469
117 3
117 2
117 0
117 2
117 8
117 5154
117 5686
117 2
117 123
117 7007
117 3
117 2
117 6
117 2
117 2
117 2
117 4461
117 498
117 4
117 0
117 0
117 206
117 2
117 3
117 0
117 101
117 0
117 6128
117 2
117 1
117 0
117 0
117 0
117 99
117 2
117 0
117 100
117 0
117 4
117 4491
117 8058
117 6540
117 0
117 0
117 0
117 108
117 1228
118 1872
118 563
118 0
118 5715
118 0
118 6141
118 4040
118 4
118 1139
118 0
118 10
118 537
118 2
118 0
118 2
118 98
118 214
118 135
118 0
118 4
118 0
118 1
118 455
118 0
118 397
118 4689
118 105
118 1
118 1
118 3
118 2
118 0
118 1
118 117
118 2
118 3471
118 0
118 8
118 0
118 3
118 2191
118 4
118 0
118 105
118 1
118 6035
118 5
118 95
118 3647
118 0
119 3
119 1
119 2
119 2
119 0
119 2
119 125
119 207
119 105
119 0
119 101
119 2
119 0
119 0
119 7942
119 0
119 0
119 0
119 0
119 0
119 2961
119 2
119 0
119 0
119 0
119 2
119 0
119 0
119 2
119 2
119 0
119 0
119 0
119 234
119 0
119 14
119 0
119 0
119 2
119 5
119 2
119 2
119 0
119 0
119 1
119 0
119 2
119 216
119 6
119 2
120 0
120 0
120 4710
120 5376
120 2004
120 0
120 638
120 5
120 2
120 0
120 2
120 8
120 8
120 117
120 0
120 4
120 8
120 129
120 2
120 4
120 561
120 521
120 0
120 113
120 231
120 276
120 217
120 0
120 0
120 120
120 0
120 0
120 113
120 2
120 212
120 0
120 0
120 2
120 526
120 0
120 0
120 255
120 118
120 0
120 3
120 2625
120 8
120 8
120 0
120 5
121 4861
121 1810
121 0
121 649
121 487
121 0
121 4512
121 1
121 223
121 28
121 0
121 0
121 0
121 0
121 0
121 4
121 0
121 116
121 111
121 0
121 206
121 8
121 0
121 722
121 97
121 5067
121 98
121 3
121 2
121 123
121 6
121 4335
121 2
121 2
121 0
121 349
121 1627
121 109
121 3
121 0
121 106
121 0
121 6
121 0
121 1145
121 4
121 1720
121 2
121 0
121 3
122 0
122 0
122 3065
122 2
122 0
122 102
122 226
122 0
122 4947
122 2
122 2
122 580
122 560
122 4
122 5898
122 0
122 0
122 5901
122 2
122 2
122 7027
122 2
122 6205
122 2039
122 0
122 0
122 3329
122 0
122 4186
122 0
122 2833
122 2
122 2
122 7451
122 1
122 119
122 0
122 4
122 8
122 4357
122 2
122 0
122 8
122 0
122 340
122 3904
122 112
122 0
122 1120
122 6
123 0
123 0
123 346
123 1
123 2
123 10
123 2
123 0
123 0
123 101
123 2
123 0
123 108
123 0
123 4885
123 0
123 0
123 0
123 2
123 221
123 6332
123 0
123 8
123 0
123 2
123 0
123 8
123 6078
123 2
123 0
123 0
123 2
123 0
123 4
123 0
123 6954
123 0
123 2
123 0
123 8
123 2
123 2
123 0
123 2
123 0
123 0
123 0
123 0
123 4
123 8
124 0
124 2
124 0
124 2
124 0
124 545
124 2
124 0
124 0
124 0
124 0
124 2
124 8
124 0
124 108
124 5
124 111
124 4
124 110
124 0
124 2
124 0
124 0
124 0
124 208
124 0
124 0
124 0
124 6
124 0
124 1
124 0
124 0
124 4
124 0
124 7684
124 0
124 708
124 0
124 0
124 5402
124 8
124 6
124 1
124 128
124 2
124 2
124 401
124 0
124 8
125 6259
125 4759
125 212
125 2
125 110
125 0
125 2
125 0
125 0
125 2
125 4
125 0
125 0
125 0
125 0
125 0
125 562
125 6
125 2
125 0
125 4369
125 97
125 2
125 0
125 3343
125 0
125 0
125 0
125 0
125 2
125 0
125 0
125 0
125 2
125 109
125 119
125 1
125 0
125 0
125 4
125 101
125 0
125 2
125 0
125 0
125 0
125 2
125 10
125 0
125 0
126 2
126 0
126 0
126 0
126 111
126 0
126 0
126 3
126 2
126 5
126 0
126 7043
126 5526
126 5234
126 2
126 0
126 111
126 221
126 0
126 6
126 107
126 0
126 0
126 0
126 3842
126 1
126 2
126 3644
126 0
126 222
126 0
126 108
126 232
126 8
126 0
126 16
126 2
126 123
126 357
126 8
126 0
126 3
126 8
126 2
126 0
126 4
126 3
126 0
126 0
126 2
127 5
127 0
127 2
127 12
127 7824
127 2
127 102
127 0
127 0
127 0
127 556
127 120
127 106
127 0
127 0
127 131
127 2
127 0
127 5437
127 2
127 5718
127 0
127 3
127 519
127 112
127 8
127 237
127 96
127 4
127 103
127 0
127 2
127 2
127 8
127 2
127 0
127 8
127 192
127 18
127 0
127 10
127 0
127 0
127 6950
127 3078
127 3
127 2
127 4
127 2
127 109
128 3166
128 0
128 0
128 0
128 797
128 2
128 0
128 2
128 106
128 0
128 3
128 0
128 18
128 3958
128 0
128 6
128 0
128 0
128 107
128 2
128 0
128 2
128 113
128 3578
128 0
128 0
128 2
128 2
128 0
128 0
128 3
128 0
128 103
128 0
128 1339
128 0
128 0
128 1571
128 0
128 0
128 7820
128 109
128 0
128 3
128 0
128 2
128 0
128 946
128 213
128 5264
129 5
129 0
129 6602
129 105
129 0
129 0
129 118
129 0
129 2
129 0
129 4
129 246
129 0
129 2
129 2049
129 0
129 2
129 177
129 4907
129 2
129 6713
129 2
129 0
129 2
129 0
129 104
129 0
129 0
129 107
129 3811
129 6916
129 1
129 0
129 0
129 2
129 6717
129 0
129 5739
129 0
129 0
129 125
129 1
129 0
129 0
129 475
129 0
129 3
129 2
129 7456
129 2
130 7521
130 6053
130 2
130 0
130 0
130 124
130 2
130 0
130 117
130 0
130 0
130 5003
130 1
130 4
130 100
130 210
130 115
130 7910
130 4934
130 4
130 0
130 0
130 7054
130 2
130 3340
130 3
130 3458
130 6
130 5324
130 2
130 0
130 4
130 0
130 2
130 2
130 6015
130 0
130 1694
130 4
130 14
130 2472
130 0
130 0
130 0
130 18
130 8
130 0
130 2
130 4279
130 2165
131 2
131 0
131 8418
131 0
131 3642
131 0
131 2
131 0
131 206
131 0
131 4
131 2
131 0
131 6314
131 0
131 0
131 3
131 3078
131 4
131 2
131 217
131 6
131 125
131 1
131 0
131 3
131 6520
131 111
131 2
131 2
131 2448
131 0
131 2933
131 1
131 0
131 312
131 1
131 0
131 106
131 10
131 6
131 0
131 6906
131 2
131 2
131 0
131 0
131 108
131 4035
131 0
132 4918
132 5438
132 0
132 99
132 6
132 0
132 0
132 18
132 3225
132 2
132 3
132 0
132 0
132 1
132 0
132 0
132 2799
132 4
132 0
132 0
132 0
132 6503
132 4
132 0
132 0
132 2
132 4
132 0
132 0
132 3
132 4843
132 3
132 4
132 7245
132 0
132 427
132 18
132 97
132 2
132 0
132 0
132 0
132 236
132 0
132 3794
132 0
132 2209
132 7244
132 4448
132 5629
133 6902
133 109
133 104
133 3518
133 0
133 0
133 6662
133 0
133 4173
133 0
133 1
133 4
133 5625
133 549
133 0
133 0
133 0
133 0
133 97
133 0
133 4068
133 2
133 0
133 4
133 0
133 0
133 5132
133 3
133 0
133 4015
133 105
133 0
133 0
133 110
133 0
133 0
133 103
133 2
133 4
133 5
133 5737
133 510
133 0
133 0
133 106
133 8
133 14
133 2
133 2
133 0
134 2
134 2
134 5980
134 8
134 587
134 6
134 467
134 2
134 0
134 3
134 2
134 0
134 5386
134 0
134 0
134 2
134 2
134 0
134 2
134 111
134 5
134 1
134 2
134 0
134 2
134 0
134 0
134 1767
134 3
134 2
134 0
134 4687
134 0
134 3614
134 1923
134 4
134 217
134 4
134 8
134 10
134 0
134 3936
134 0
134 0
134 12
134 2
134 607
134 0
134 8279
134 0
135 0
135 3
135 1
135 2
135 4234
135 103
135 1
135 3
135 4
135 125
135 113
135 4
135 1650
135 5
135 0
135 4
135 0
135 0
135 1
135 0
135 0
135 1
135 8
135 3863
135 0
135 0
135 2
135 0
135 5073
135 8
135 2
135 890
135 0
135 218
135 0
135 4067
135 2
135 97
135 1
135 6
135 0
135 0
135 5185
135 6
135 2
135 8
135 0
135 0
135 2
135 3
136 0
136 2
136 5
136 8
136 0
136 97
136 0
136 0
136 0
136 3
136 2
136 0
136 4
136 2
136 6
136 0
136 0
136 10
136 4
136 0
136 1
136 5
136 0
136 0
136 117
136 8768
136 5
136 4
136 2
136 2
136 0
136 1
136 0
136 0
136 0
136 8
136 0
136 204
136 2
136 0
136 0
136 0
136 2
136 0
136 0
136 2
136 0
136 6682
136 371
136 0
137 5558
137 2
137 113
137 0
137 0
137 9
137 0
137 0
137 2
137 0
137 2
137 104
137 5804
137 4
137 2
137 2
137 2
137 0
137 0
137 0
137 0
137 2
137 2
137 2
137 10
137 4
137 5897
137 14
137 220
137 5492
137 2
137 18
137 0
137 0
137 0
137 4
137 14
137 2
137 4766
137 2
137 0
137 649
137 14
137 2
137 0
137 10
137 3
137 0
137 0
137 0
138 0
138 2
138 0
138 2
138 4
138 3812
138 9
138 2
138 0
138 4
138 0
138 237
138 0
138 10
138 0
138 101
138 4535
138 2
138 0
138 2
138 2
138 0
138 5199
138 2
138 2
138 6
138 8
138 2
138 6007
138 0
138 2
138 2567
138 0
138 6679
138 133
138 0
138 8
138 0
138 373
138 4
138 10
138 0
138 2
138 4665
138 557
138 6273
138 3465
138 5349
138 4
138 14
139 1
139 2
139 0
139 4227
139 0
139 7244
139 0
139 0
139 109
139 99
139 4579
139 1478
139 4657
139 0
139 0
139 0
139 8
139 4164
139 10
139 0
139 0
139 7731
139 0
139 2490
139 6
139 0
139 513
139 115
139 1
139 0
139 4481
139 436
139 3
139 109
139 0
139 2
139 2
139 2844
139 2
139 2
139 0
139 1
139 6
139 0
139 0
139 2479
139 0
139 2
139 4
139 0
140 6121
140 0
140 2
140 0
140 2
140 2
140 8210
140 2
140 0
140 0
140 4297
140 2
140 0
140 1
140 3
140 771
140 0
140 2
140 0
140 2
140 99
140 1
140 22
140 0
140 7964
140 10
140 2
140 2
140 5344
140 0
140 2
140 0
140 7241
140 0
140 3
140 14
140 256
140 5937
140 0
140 0
140 0
140 2
140 3
140 0
140 0
140 0
140 0
140 1
140 3
140 2
141 6723
141 4
141 124
141 18
141 4938
141 4788
141 6
141 107
141 3
141 208
141 304
141 0
141 119
141 2
141 3
141 4
141 7988
141 3815
141 4524
141 0
141 107
141 5
141 0
141 2
141 0
141 123
141 106
141 1
141 100
141 4
141 340
141 0
141 0
141 0
141 2
141 113
141 4
141 2
141 0
141 0
141 5296
141 1
141 2
141 0
141 99
141 0
141 123
141 0
141 0
141 2
142 4091
142 4807
142 0
142 427
142 6
142 0
142 2
142 2
142 2
142 3
142 0
142 378
142 2
142 2316
142 3
142 4
142 2
142 4
142 4165
142 0
142 0
142 8
142 1852
142 2
142 4
142 0
142 0
142 101
142 5549
142 5736
142 105
142 0
142 6007
142 18
142 0
142 2
142 6
142 4
142 2
142 1
142 103
142 0
142 2
142 1935
142 3
142 0
142 0
142 110
142 6
142 2
143 5591
143 0
143 0
143 1788
143 0
143 103
143 2
143 4
143 0
143 3
143 2
143 0
143 4329
143 0
143 4597
143 0
143 6
143 114
143 0
143 8
143 2
143 0
143 0
143 0
143 3621
143 5108
143 4
143 2
143 2
143 0
143 2624
143 6
143 4283
143 6301
143 123
143 0
143 0
143 4
143 0
143 227
143 18
143 6165
143 0
143 0
143 0
143 6347
143 0
143 0
143 6154
143 117
144 0
144 5
144 107
144 2085
144 6680
144 0
144 0
144 0
144 2
144 0
144 454
144 2
144 334
144 1
144 8
144 2894
144 2
144 8229
144 0
144 0
144 232
144 0
144 2
144 501
144 3
144 5884
144 3461
144 0
144 3
144 0
144 0
144 0
144 2
144 0
144 520
144 14
144 1994
144 0
144 5
144 6
144 4850
144 0
144 2
144 6
144 0
144 115
144 0
144 18
144 3
144 2
145 4379
145 5578
145 3
145 0
145 2873
145 5714
145 2
145 0
145 2
145 6937
145 7898
145 125
145 0
145 2
145 256
145 0
145 4
145 2771
145 0
145 0
145 0
145 218
145 3
145 0
145 110
145 0
145 0
145 0
145 1
145 0
145 2
145 5592
145 0
145 1542
145 0
145 1573
145 2
145 7641
145 1
145 2
145 0
145 3
145 5594
145 0
145 2
145 6774
145 4
145 5044
145 1
145 8
146 0
146 5672
146 3
146 0
146 2
146 6
146 6718
146 0
146 0
146 2
146 218
146 0
146 4
146 0
146 0
146 1
146 4
146 0
146 0
146 0
146 8
146 133
146 0
146 354
146 1
146 3921
146 3
146 0
146 0
146 2
146 6
146 26
146 2
146 123
146 0
146 0
146 0
146 0
146 2
146 18
146 0
146 0
146 2
146 0
146 109
146 108
146 4
146 0
146 2
146 2
147 0
147 1
147 0
147 2
147 3
147 0
147 2
147 0
147 0
147 0
147 0
147 0
147 2505
147 8
147 0
147 101
147 6
147 4368
147 3257
147 0
147 112
147 111
147 94
147 4097
147 0
147 3455
147 0
147 4
147 0
147 553
147 0
147 0
147 6
147 1
147 190
147 0
147 248
147 0
147 8
147 18
147 0
147 2
147 2
147 0
147 0
147 0
147 6234
147 0
147 6
147 6
148 4
148 431
148 3
148 1
148 0
148 4
148 0
148 4
148 2
148 3597
148 0
148 0
148 0
148 112
148 6580
148 0
148 204
148 4
148 2
148 3107
148 0
148 0
148 0
148 3
148 0
148 6
148 0
148 0
148 811
148 373
148 0
148 0
148 611
148 0
148 1832
148 0
148 120
148 3
148 0
148 0
148 0
148 0
148 122
148 8024
148 0
148 3
148 974
148 1687
148 0
148 1
149 5994
149 4
149 0
149 6
149 5
149 0
149 2
149 3
149 5193
149 6423
149 2
149 125
149 0
149 10
149 4598
149 0
149 3136
149 0
149 5930
149 125
149 8
149 4
149 0
149 0
149 0
149 6541
149 0
149 2
149 2
149 0
149 2
149 212
149 4
149 0
149 107
149 2
149 5546
149 0
149 0
149 5313
149 648
149 1
149 6440
149 0
149 4
149 4406
149 2
149 0
149 7819
149 317
150 0
150 2
150 2
150 4597
150 4
150 0
150 124
150 4
150 8
150 6333
150 4
150 2
150 2
150 2
150 0
150 0
150 106
150 0
150 0
150 0
150 613
150 0
150 0
150 0
150 4
150 0
150 111
150 2
150 0
150 3093
150 118
150 112
150 0
150 221
150 6
150 2
150 7758
150 0
150 2
150 0
150 4510
150 3110
150 338
150 2
150 2
150 0
150 5639
150 1
150 0
150 2
151 2
151 1
151 0
151 4073
151 4395
151 0
151 0
151 2
151 5150
151 3
151 0
151 0
151 2
151 3372
151 0
151 322
151 2
151 0
151 4
151 2
151 4
151 2
151 102
151 4
151 2
151 118
151 0
151 0
151 0
151 0
151 4
151 2
151 0
151 6037
151 3116
151 0
151 2
151 3
151 113
151 0
151 4
151 2926
151 0
151 0
151 0
151 0
151 0
151 3
151 0
151 2
152 0
152 2
152 2605
152 2
152 0
152 0
152 2
152 2
152 544
152 4870
152 6698
152 3
152 0
152 2
152 0
152 546
152 0
152 10
152 111
152 107
152 0
152 2
152 0
152 1
152 119
152 0
152 7247
152 0
152 0
152 0
152 0
152 102
152 2
152 0
152 7416
152 0
152 0
152 6
152 4
152 543
152 2
152 6427
152 4
152 2
152 2
152 2
152 6518
152 8
152 5109
152 0
153 0
153 4300
153 4
153 2
153 1
153 12
153 0
153 7082
153 16
153 0
153 0
153 2
153 4499
153 108
153 218
153 0
153 1
153 3
153 0
153 1
153 3
153 2
153 4416
153 0
153 0
153 6737
153 0
153 4346
153 0
153 0
153 0
153 0
153 0
153 10
153 7518
153 0
153 3728
153 3
153 0
153 0
153 5267
153 5872
153 102
153 6734
153 0
153 205
153 117
153 2
153 0
153 6789
154 108
154 0
154 0
154 109
154 5105
154 0
154 0
154 103
154 2
154 2
154 8
154 2
154 207
154 0
154 3
154 0
154 5064
154 8
154 2
154 0
154 0
154 4
154 1
154 0
154 0
154 2
154 6202
154 0
154 0
154 6044
154 0
154 2271
154 4
154 2
154 0
154 2
154 0
154 2
154 0
154 2
154 0
154 1
154 2
154 2315
154 0
154 4717
154 0
154 1347
154 110
154 5761
155 0
155 2
155 3
155 0
155 6642
155 2
155 6635
155 0
155 0
155 3
155 5861
155 0
155 0
155 2
155 0
155 2
155 3
155 1
155 0
155 5
155 0
155 3
155 2604
155 3823
155 6578
155 0
155 6054
155 8
155 127
155 0
155 0
155 0
155 0
155 14
155 0
155 0
155 2
155 6
155 6049
155 0
155 0
155 2991
155 2
155 0
155 0
155 7195
155 0
155 0
155 0
155 2
156 0
156 1820
156 2
156 0
156 0
156 0
156 0
156 2
156 0
156 6
156 0
156 0
156 2
156 0
156 2
156 6
156 4079
156 2742
156 6219
156 2510
156 0
156 3
156 0
156 0
156 2693
156 0
156 0
156 884
156 855
156 20
156 1062
156 8
156 0
156 0
156 0
156 0
156 0
156 4
156 0
156 3
156 0
156 2274
156 0
156 0
156 2
156 6303
156 8
156 0
156 0
156 2
157 4902
157 0
157 0
157 0
157 3
157 3
157 116
157 137
157 0
157 0
157 2
157 2
157 2918
157 0
157 14
157 2
157 2046
157 6
157 0
157 2
157 0
157 2
157 0
157 2
157 125
157 7068
157 0
157 6621
157 0
157 6
157 0
157 0
157 2
157 0
157 2
157 4524
157 455
157 4
157 17
157 0
157 0
157 0
157 4
157 4
157 2
157 0
157 4
157 0
157 2
157 96
158 5752
158 0
158 0
158 3374
158 0
158 5560
158 0
158 0
158 1
158 0
158 0
158 0
158 0
158 2
158 2
158 128
158 2
158 2
158 0
158 0
158 2783
158 4695
158 103
158 0
158 0
158 0
158 0
158 3
158 0
158 0
158 0
158 7830
158 1
158 4
158 0
158 4781
158 102
158 0
158 0
158 2
158 2
158 2
158 0
158 3
158 2
158 4212
158 115
158 1
158 6
158 0
159 1
159 2
159 0
159 0
159 0
159 8
159 0
159 8
159 608
159 3385
159 10
159 2301
159 0
159 0
159 10
159 819
159 226
159 1581
159 0
159 0
159 0
159 2
159 4
159 577
159 2
159 2
159 0
159 1291
159 4
159 0
159 0
159 2
159 4796
159 1040
159 0
159 0
159 4
159 3
159 0
159 3274
159 4
159 2
159 0
159 1
159 1024
159 0
159 5
159 0
159 2
159 2
160 1
160 0
160 0
160 5611
160 0
160 6503
160 0
160 6
160 0
160 1
160 970
160 2
160 8
160 2
160 0
160 9
160 2
160 0
160 0
160 2
160 7070
160 18
160 3328
160 2
160 93
160 2
160 6732
160 2
160 6
160 0
160 2
160 3
160 0
160 4213
160 2
160 4
160 330
160 105
160 0
160 0
160 0
160 2
160 6
160 0
160 1604
160 0
160 2
160 4
160 0
160 0
161 3577
161 1
161 0
161 5
161 2
161 8
161 2
161 0
161 5686
161 14
161 0
161 0
161 101
161 3
161 612
161 6971
161 107
161 695
161 3084
161 268
161 0
161 1041
161 3539
161 4665
161 0
161 0
161 8
161 109
161 8
161 0
161 0
161 2
161 8
161 554
161 4
161 5126
161 0
161 0
161 606
161 5844
161 6
161 2
161 3784
161 103
161 143
161 0
161 98
161 214
161 15
161 3
162 0
162 98
162 0
162 0
162 5
162 1
162 2893
162 129
162 2
162 6
162 4231
162 0
162 238
162 1
162 838
162 0
162 0
162 131
162 4574
162 5339
162 0
162 0
162 4
162 0
162 5
162 10
162 0
162 2
162 2
162 1099
162 4
162 0
162 1
162 0
162 5
162 2493
162 0
162 0
162 130
162 3651
162 1301
162 0
162 211
162 0
162 0
162 0
162 0
162 0
162 220
162 2
163 5685
163 3
163 1622
163 3044
163 2
163 0
163 6
163 343
163 7346
163 2
163 0
163 3275
163 210
163 2
163 102
163 3498
163 0
163 104
163 6282
163 0
163 2
163 1
163 2
163 0
163 0
163 8
163 0
163 20
163 0
163 137
163 2
163 2
163 115
163 0
163 1525
163 0
163 6220
163 115
163 0
163 1090
163 2
163 0
163 8
163 0
163 2
163 3629
163 2
163 0
163 1361
163 5387
164 2
164 109
164 2
164 104
164 0
164 96
164 0
164 7360
164 0
164 0
164 0
164 0
164 4
164 1
164 0
164 6021
164 0
164 0
164 8
164 894
164 2
164 2
164 6
164 5
164 2
164 0
164 2
164 4674
164 3683
164 4753
164 0
164 219
164 2
164 8
164 320
164 1
164 0
164 3
164 117
164 4303
164 96
164 121
164 0
164 241
164 2
164 8
164 5327
164 0
164 1
164 3
165 0
165 10
165 2
165 895
165 0
165 0
165 0
165 0
165 10
165 0
165 2
165 1
165 5089
165 1
165 4507
165 2125
165 1676
165 4786
165 0
165 0
165 122
165 1862
165 18
165 248
165 0
165 5
165 2798
165 0
165 0
165 0
165 0
165 6
165 2
165 0
165 485
165 0
165 2540
165 0
165 2090
165 0
165 0
165 7260
165 0
165 8
165 121
165 0
165 5967
165 0
165 9037
165 0
166 0
166 4
166 0
166 2
166 1376
166 2
166 0
166 0
166 0
166 0
166 0
166 0
166 213
166 6
166 2
166 2326
166 0
166 6931
166 110
166 0
166 0
166 466
166 208
166 4746
166 3
166 1914
166 2
166 0
166 0
166 2
166 98
166 0
166 3839
166 9
166 2
166 3
166 2
166 2
166 3
166 111
166 0
166 0
166 0
166 97
166 0
166 2
166 2
166 8
166 2
166 0
167 0
167 2185
167 0
167 3
167 0
167 2
167 4
167 249
167 0
167 0
167 0
167 0
167 0
167 116
167 0
167 12
167 1
167 115
167 2
167 0
167 0
167 103
167 0
167 4
167 437
167 2
167 101
167 123
167 2
167 4
167 2
167 108
167 0
167 0
167 0
167 3778
167 0
167 0
167 0
167 0
167 0
167 2
167 0
167 0
167 0
167 1897
167 6407
167 8
167 441
167 0
168 3654
168 4
168 224
168 1
168 0
168 7
168 0
168 0
168 0
168 377
168 6
168 1277
168 2047
168 2
168 2
168 0
168 3
168 6
168 99
168 0
168 943
168 4
168 0
168 526
168 1
168 0
168 6
168 0
168 4101
168 0
168 4
168 0
168 2944
168 0
168 2
168 0
168 0
168 3593
168 104
168 108
168 0
168 0
168 2
168 0
168 0
168 0
168 3
168 0
168 0
168 150
169 1686
169 0
169 100
169 0
169 0
169 18
169 3
169 3476
169 101
169 2
169 0
169 0
169 0
169 0
169 4316
169 0
169 2508
169 850
169 101
169 0
169 0
169 103
169 7020
169 0
169 346
169 0
169 0
169 2
169 6
169 4946
169 12
169 0
169 113
169 2775
169 0
169 1
169 0
169 11
169 2699
169 0
169 0
169 0
169 1
169 0
169 0
169 0
169 6
169 0
169 648
169 4536
170 3083
170 0
170 2
170 6
170 105
170 6
170 2
170 0
170 0
170 3
170 0
170 2
170 121
170 4
170 113
170 0
170 3
170 426
170 2
170 2
170 6499
170 2
170 2909
170 0
170 672
170 2
170 8
170 110
170 1694
170 105
170 2
170 1
170 586
170 6
170 3128
170 0
170 2
170 107
170 2
170 4810
170 0
170 1
170 1
170 0
170 4
170 3
170 0
170 1
170 114
170 2
171 0
171 2
171 0
171 4
171 0
171 0
171 98
171 4
171 4
171 0
171 112
171 2
171 0
171 101
171 305
171 4
171 16
171 1786
171 774
171 550
171 0
171 2
171 0
171 4560
171 108
171 5079
171 3475
171 6
171 0
171 6
171 2
171 1553
171 0
171 4
171 0
171 3795
171 3630
171 0
171 0
171 0
171 2
171 0
171 2
171 2
171 0
171 0
171 8
171 2
171 5
171 3
172 3858
172 0
172 2
172 2
172 0
172 100
172 2
172 8
172 0
172 3
172 0
172 0
172 2
172 2
172 0
172 2
172 0
172 4214
172 2
172 0
172 8
172 655
172 18
172 0
172 0
172 6258
172 115
172 583
172 2
172 0
172 0
172 0
172 0
172 0
172 4713
172 0
172 133
172 1
172 3
172 6
172 324
172 7608
172 4
172 3
172 0
172 326
172 201
172 6
172 8
172 4
173 3922
173 112
173 111
173 4970
173 4
173 0
173 0
173 0
173 3
173 222
173 2258
173 117
173 0
173 0
173 0
173 0
173 0
173 558
173 101
173 0
173 2
173 0
173 2
173 0
173 8
173 0
173 0
173 0
173 9
173 2270
173 0
173 1458
173 2
173 2
173 0
173 0
173 2
173 0
173 991
173 2
173 220
173 2
173 0
173 18
173 3
173 2
173 3
173 6288
173 378
173 3285
174 0
174 113
174 1859
174 0
174 0
174 0
174 0
174 549
174 0
174 6
174 0
174 4
174 2
174 2
174 2
174 3392
174 3
174 0
174 1
174 0
174 237
174 0
174 3
174 0
174 4017
174 0
174 0
174 4
174 2
174 2835
174 18
174 0
174 12
174 0
174 2
174 2
174 2
174 2
174 2
174 20
174 212
174 0
174 312
174 0
174 2
174 6
174 0
174 0
174 4
174 12
175 2666
175 0
175 0
175 0
175 2
175 491
175 8
175 0
175 3
175 2
175 0
175 113
175 0
175 3939
175 6776
175 115
175 0
175 4
175 28
175 3896
175 5
175 3
175 3600
175 229
175 8
175 621
175 2
175 106
175 0
175 8
175 2
175 0
175 0
175 0
175 4
175 0
175 2
175 4
175 0
175 2654
175 0
175 3202
175 2
175 2
175 8
175 4
175 1
175 3
175 330
175 6172
176 1
176 1529
176 186
176 0
176 3
176 1
176 117
176 6
176 96
176 5208
176 6
176 0
176 4764
176 121
176 2
176 4428
176 2
176 0
176 2
176 5713
176 2
176 98
176 0
176 4
176 2238
176 10
176 2
176 2
176 3300
176 0
176 2
176 3
176 2
176 99
176 0
176 0
176 3708
176 0
176 4
176 107
176 0
176 0
176 3
176 0
176 103
176 0
176 0
176 2
176 2
176 0
177 2
177 10
177 0
177 0
177 1
177 0
177 1223
177 320
177 2
177 0
177 0
177 7495
177 0
177 1175
177 4
177 225
177 0
177 108
177 5896
177 3
177 0
177 471
177 4
177 0
177 0
177 0
177 0
177 0
177 2
177 0
177 111
177 0
177 7187
177 0
177 7179
177 0
177 0
177 523
177 18
177 288
177 2
177 2
177 116
177 5
177 2
177 6
177 0
177 3
177 3695
177 6
178 0
178 0
178 2
178 0
178 2
178 4
178 2
178 0
178 0
178 6
178 2
178 14
178 0
178 2
178 0
178 2
178 2
178 2
178 98
178 2
178 2
178 2
178 2
178 114
178 0
178 5986
178 98
178 3
178 1
178 0
178 4946
178 119
178 0
178 0
178 119
178 2
178 3
178 107
178 0
178 1
178 2
178 2
178 0
178 12
178 3
178 0
178 0
178 0
178 0
178 115
179 0
179 4
179 0
179 3
179 3
179 31
179 4
179 0
179 0
179 3809
179 2
179 0
179 4
179 8
179 112
179 2
179 3
179 0
179 117
179 611
179 4
179 6
179 2400
179 4
179 2
179 0
179 3366
179 8
179 2
179 0
179 0
179 5
179 0
179 8
179 0
179 0
179 114
179 5263
179 4103
179 2
179 2
179 4
179 2
179 2
179 0
179 3
179 2
179 3
179 0
179 2
180 0
180 3599
180 3
180 2
180 8
180 0
180 0
180 0
180 688
180 625
180 0
180 0
180 0
180 3858
180 16
180 18
180 2
180 109
180 0
180 0
180 2818
180 0
180 131
180 1
180 362
180 216
180 0
180 110
180 3
180 0
180 217
180 16
180 2
180 2
180 2
180 0
180 113
180 2
180 0
180 104
180 2276
180 235
180 0
180 4941
180 2
180 0
180 105
180 5756
180 0
180 118
181 4237
181 0
181 0
181 2
181 0
181 3064
181 0
181 4773
181 106
181 0
181 132
181 237
181 4728
181 0
181 0
181 221
181 4
181 0
181 1190
181 0
181 0
181 110
181 0
181 635
181 314
181 6789
181 0
181 3
181 2
181 0
181 1
181 3
181 0
181 1
181 4585
181 0
181 543
181 3797
181 0
181 0
181 2
181 0
181 0
181 0
181 5969
181 2
181 0
181 0
181 4
181 6
182 0
182 2
182 2
182 6
182 4587
182 2
182 1582
182 1565
182 5112
182 6258
182 0
182 0
182 5175
182 12
182 18
182 2
182 2
182 3346
182 16
182 1516
182 0
182 16
182 0
182 2
182 0
182 101
182 8
182 0
182 4
182 0
182 4632
182 0
182 6
182 0
182 0
182 114
182 0
182 0
182 0
182 127
182 2
182 2929
182 957
182 107
182 129
182 6215
182 0
182 6113
182 0
182 3891
183 4124
183 5688
183 103
183 0
183 5027
183 3629
183 0
183 112
183 0
183 0
183 0
183 5072
183 0
183 4
183 0
183 0
183 0
183 0
183 0
183 0
183 2
183 2
183 3
183 105
183 1
183 0
183 1
183 4123
183 3564
183 2
183 6
183 0
183 0
183 6702
183 1490
183 0
183 2
183 105
183 2
183 0
183 4
183 3553
183 0
183 2
183 6504
183 2
183 0
183 4
183 0
183 0
184 5320
184 0
184 5335
184 2
184 98
184 654
184 5298
184 1133
184 2
184 0
184 0
184 3
184 3039
184 3957
184 1
184 3
184 7203
184 834
184 2
184 0
184 0
184 0
184 0
184 0
184 6
184 853
184 1
184 0
184 0
184 4
184 95
184 0
184 1757
184 2795
184 8
184 14
184 4804
184 590
184 4215
184 4502
184 2
184 2589
184 0
184 2
184 4
184 2
184 2598
184 2935
184 4
184 4183
185 4932
185 0
185 104
185 0
185 4158
185 0
185 0
185 4943
185 0
185 0
185 2
185 0
185 2
185 2
185 2
185 5
185 6
185 1162
185 0
185 0
185 218
185 5906
185 120
185 0
185 211
185 4149
185 614
185 0
185 6
185 2
185 0
185 4721
185 0
185 0
185 0
185 2
185 2
185 592
185 0
185 6934
185 206
185 0
185 702
185 4
185 0
185 4
185 1
185 2
185 2
185 0
186 3591
186 0
186 6
186 6
186 14
186 108
186 5063
186 2
186 0
186 2538
186 0
186 3
186 0
186 0
186 0
186 109
186 981
186 7317
186 1
186 0
186 2
186 0
186 0
186 3
186 2
186 0
186 0
186 1601
186 0
186 2
186 2
186 2
186 0
186 2
186 0
186 2
186 2
186 109
186 5848
186 0
186 353
186 2
186 0
186 120
186 2
186 135
186 2
186 4822
186 14
186 0
187 0
187 2
187 119
187 0
187 102
187 2
187 2
187 109
187 1745
187 491
187 508
187 125
187 5
187 2
187 2
187 4
187 96
187 0
187 0
187 115
187 14
187 2
187 6802
187 0
187 0
187 3759
187 0
187 0
187 2072
187 942
187 0
187 0
187 2
187 7085
187 4
187 6
187 324
187 4042
187 0
187 135
187 5071
187 125
187 0
187 541
187 122
187 4
187 0
187 0
187 116
187 3
188 4428
188 0
188 1571
188 1
188 105
188 2
188 3167
188 98
188 4
188 2
188 2
188 0
188 0
188 2
188 0
188 4740
188 115
188 8
188 0
188 475
188 2
188 0
188 0
188 104
188 12
188 2244
188 2
188 662
188 2
188 3669
188 0
188 2
188 243
188 0
188 2750
188 4866
188 0
188 0
188 313
188 2146
188 108
188 0
188 5211
188 1560
188 2
188 0
188 3115
188 2
188 0
188 4
189 0
189 108
189 1
189 2305
189 6
189 2
189 0
189 0
189 3823
189 2
189 2
189 0
189 0
189 0
189 2
189 115
189 0
189 3
189 10
189 2
189 4770
189 2209
189 1593
189 2
189 234
189 0
189 6038
189 2850
189 117
189 0
189 0
189 2
189 0
189 0
189 2
189 7548
189 0
189 0
189 0
189 0
189 2299
189 2074
189 6
189 1164
189 113
189 0
189 2
189 5
189 114
189 4620
190 4966
190 0
190 0
190 3
190 4
190 4432
190 8
190 5816
190 2
190 0
190 18
190 4
190 0
190 0
190 0
190 96
190 0
190 3804
190 2
190 1945
190 0
190 107
190 111
190 6
190 120
190 2
190 2
190 0
190 4
190 0
190 2
190 0
190 2
190 2
190 0
190 0
190 0
190 101
190 0
190 2
190 3
190 0
190 9
190 0
190 107
190 666
190 6046
190 0
190 4
190 113
191 3701
191 0
191 0
191 2533
191 0
191 0
191 0
191 0
191 0
191 0
191 114
191 2558
191 1907
191 2928
191 2
191 108
191 0
191 2
191 10
191 2
191 0
191 4
191 2
191 0
191 96
191 2
191 1379
191 4252
191 6772
191 0
191 0
191 123
191 98
191 2
191 0
191 6
191 5354
191 0
191 2
191 104
191 6219
191 8
191 2
191 3
191 2
191 0
191 18
191 109
191 0
191 1528
192 4
192 0
192 6
192 0
192 700
192 2
192 2
192 4
192 3
192 0
192 6
192 7164
192 0
192 4020
192 0
192 0
192 3
192 4458
192 3
192 2869
192 2
192 119
192 0
192 0
192 0
192 4
192 2
192 1
192 3334
192 1937
192 3245
192 0
192 0
192 4027
192 4
192 110
192 5830
192 3587
192 343
192 1650
192 436
192 0
192 1
192 1
192 0
192 212
192 463
192 18
192 227
192 2
193 0
193 4
193 6
193 12
193 1223
193 4
193 0
193 0
193 2
193 117
193 6332
193 2
193 2963
193 2
193 18
193 0
193 2
193 0
193 435
193 0
193 14
193 6
193 1
193 0
193 4619
193 0
193 2
193 109
193 100
193 789
193 0
193 2644
193 0
193 2
193 8
193 3
193 786
193 2
193 3429
193 8
193 2046
193 5798
193 3
193 0
193 2
193 4
193 5048
193 4
193 807
193 0
194 6678
194 1595
194 0
194 6460
194 0
194 0
194 1
194 0
194 5833
194 0
194 4
194 8
194 2
194 0
194 1
194 1
194 3992
194 2
194 3
194 5123
194 4789
194 4
194 105
194 111
194 4
194 0
194 2
194 6306
194 4079
194 0
194 3135
194 3468
194 768
194 0
194 4
194 0
194 647
194 6825
194 6
194 4
194 2084
194 0
194 4
194 0
194 2010
194 2
194 427
194 2
194 3795
194 543
195 7331
195 6
195 103
195 0
195 246
195 0
195 8
195 0
195 0
195 3
195 2
195 2
195 1
195 7368
195 4410
195 3
195 0
195 2
195 0
195 2488
195 0
195 0
195 0
195 1
195 4
195 3
195 0
195 0
195 6102
195 0
195 2
195 5239
195 0
195 2
195 0
195 2
195 1676
195 0
195 2
195 2
195 0
195 107
195 3
195 4
195 2643
195 6839
195 108
195 4
195 0
195 0
196 2
196 473
196 6467
196 99
196 0
196 4570
196 2
196 0
196 0
196 0
196 0
196 2
196 18
196 0
196 2
196 0
196 4
196 0
196 4
196 2
196 0
196 2
196 227
196 2
196 0
196 0
196 2419
196 8
196 0
196 2
196 3
196 3
196 2
196 0
196 0
196 0
196 625
196 6
196 2267
196 0
196 12
196 3
196 123
196 6
196 0
196 0
196 4344
196 0
196 2939
196 0
197 0
197 0
197 121
197 0
197 8
197 4042
197 2
197 722
197 4389
197 104
197 0
197 1064
197 109
197 0
197 5533
197 0
197 2
197 18
197 21
197 107
197 2
197 2
197 0
197 233
197 5811
197 0
197 0
197 1036
197 3833
197 3
197 95
197 0
197 3309
197 0
197 8
197 0
197 0
197 0
197 2
197 0
197 3914
197 6112
197 0
197 2
197 6612
197 2465
197 3
197 2026
197 1905
197 944
198 0
198 0
198 0
198 0
198 0
198 4490
198 0
198 968
198 0
198 272
198 2
198 2
198 0
198 115
198 18
198 7887
198 213
198 6
198 5123
198 8119
198 117
198 4
198 2896
198 229
198 0
198 0
198 0
198 2
198 1
198 0
198 108
198 2359
198 129
198 2
198 114
198 0
198 0
198 12
198 6652
198 2
198 0
198 0
198 4335
198 4
198 5357
198 1718
198 3421
198 2
198 1019
198 2
199 1
199 0
199 0
199 5180
199 3
199 0
199 6
199 0
199 0
199 0
199 2
199 4
199 0
199 2
199 0
199 0
199 2
199 0
199 2814
199 0
199 4200
199 0
199 0
199 0
199 0
199 3
199 1427
199 6
199 4435
199 4
199 10
199 0
199 0
199 5043
199 3
199 4
199 1
199 0
199 0
199 0
199 101
199 7776
199 3344
199 2
199 0
199 3
199 99
199 0
199 2
199 7458
200 2802
200 4
200 2
200 2
200 0
200 2
200 8
200 0
200 0
200 0
200 5037
200 8
200 98
200 0
200 0
200 0
200 0
200 2446
200 8
200 2126
200 2
200 8029
200 8
200 0
200 2
200 2
200 109
200 2651
200 5169
200 0
200 2102
200 4509
200 0
200 0
200 6925
200 0
200 0
200 108
200 0
200 2
200 7917
200 2
200 4291
200 2689
200 4332
200 117
200 8
200 0
200 0
200 7228
201 6428
201 2084
201 8
201 6
201 0
201 0
201 2316
201 20
201 0
201 104
201 0
