1 0
1 4
1 0
1 2
1 0
1 1
1 2
1 0
1 2
1 0
1 2
1 0
1 2
1 0
1 0
1 1
1 6
1 2
1 0
1 0
1 14
1 4
1 0
1 0
1 14
1 4
1 1
1 2
1 1
1 2
1 3
1 0
1 0
1 0
1 2
1 0
1 2
1 6
1 1
1 4
1 1
1 1
1 0
1 0
1 4
1 0
1 1
1 2
1 0
1 8
2 0
2 1
2 482
2 4
2 0
2 115
2 0
2 0
2 12
2 1
2 0
2 0
2 0
2 4
2 12
2 0
2 2
2 0
2 0
2 4
2 2
2 0
2 0
2 0
2 2
2 2
2 123
2 0
2 1
2 4
2 6
2 0
2 4
2 2
2 4
2 0
2 2
2 0
2 0
2 0
2 0
2 4
2 1
2 0
2 14
2 0
2 0
2 10
2 0
2 1
3 0
3 2
3 0
3 0
3 0
3 1
3 0
3 1
3 2
3 18
3 2
3 1
3 1
3 16
3 0
3 0
3 10
3 18
3 0
3 4
3 10
3 3
3 1
3 0
3 0
3 1
3 3
3 0
3 6
3 2
3 10
3 2
3 10
3 0
3 12
3 0
3 0
3 0
3 0
3 3
3 16
3 4
3 0
3 0
3 0
3 6
3 16
3 0
3 0
3 1
4 0
4 4
4 3
4 0
4 2
4 20
4 0
4 2
4 0
4 0
4 18
4 4
4 2
4 4
4 18
4 1
4 0
4 3
4 0
4 16
4 14
4 16
4 0
4 14
4 16
4 0
4 0
4 0
4 0
4 0
4 12
4 0
4 14
4 0
4 116
4 1
4 4
4 10
4 0
4 14
4 4
4 0
4 0
4 16
4 8
4 10
4 0
4 2
4 14
4 16
5 3
5 211
5 2
5 2
5 6
5 0
5 0
5 0
5 0
5 4
5 2
5 10
5 0
5 14
5 0
5 0
5 14
5 0
5 0
5 0
5 103
5 18
5 12
5 0
5 14
5 2
5 3
5 0
5 0
5 8
5 0
5 0
5 6
5 0
5 0
5 97
5 8
5 0
5 0
5 0
5 3
5 0
5 14
5 107
5 16
5 8
5 4
5 198
5 0
5 0
6 0
6 4
6 10
6 0
6 2
6 0
6 0
6 3
6 247
6 4
6 1
6 4
6 16
6 12
6 4
6 3
6 2
6 0
6 1
6 0
6 2
6 18
6 0
6 0
6 2
6 8
6 0
6 0
6 6
6 0
6 0
6 0
6 107
6 2
6 113
6 0
6 4
6 18
6 0
6 104
6 2
6 8
6 0
6 14
6 0
6 0
6 0
6 0
6 93
6 2
7 0
7 2
7 4
7 0
7 0
7 2
7 0
7 4
7 29
7 0
7 2
7 3
7 0
7 8
7 2
7 6
7 6
7 10
7 3
7 2
7 0
7 4
7 12
7 0
7 1
7 0
7 14
7 18
7 4
7 0
7 10
7 6
7 16
7 18
7 14
7 0
7 0
7 12
7 0
7 0
7 8
7 2
7 18
7 0
7 0
7 0
7 0
7 1
7 2
7 16
8 8
8 6
8 0
8 4
8 14
8 0
8 3
8 16
8 0
8 2
8 2
8 0
8 2
8 2
8 0
8 2
8 0
8 14
8 0
8 2
8 0
8 18
8 16
8 0
8 1
8 0
8 10
8 12
8 0
8 0
8 0
8 2
8 6
8 0
8 0
8 0
8 2
8 0
8 0
8 111
8 0
8 14
8 18
8 6
8 16
8 0
8 8
8 14
8 0
8 4
9 16
9 0
9 14
9 0
9 10
9 12
9 0
9 0
9 6
9 6
9 0
9 0
9 4
9 0
9 0
9 0
9 10
9 12
9 10
9 3
9 0
9 0
9 0
9 0
9 2
9 0
9 0
9 0
9 4
9 0
9 0
9 16
9 0
9 0
9 0
9 10
9 137
9 4
9 0
9 18
9 0
9 0
9 0
9 0
9 16
9 0
9 0
9 101
9 10
9 0
10 0
10 0
10 0
10 119
10 0
10 2
10 2
10 0
10 16
10 12
10 0
10 18
10 6
10 0
10 0
10 0
10 109
10 0
10 8
10 0
10 0
10 0
10 0
10 0
10 2
10 0
10 0
10 0
10 4
10 6
10 16
10 16
10 16
10 2
10 0
10 0
10 6
10 12
10 4
10 12
10 0
10 0
10 18
10 0
10 14
10 0
10 0
10 10
10 0
10 0
11 0
11 6
11 0
11 0
11 109
11 0
11 0
11 18
11 14
11 0
11 0
11 6
11 0
11 10
11 8
11 0
11 6
11 0
11 12
11 18
11 2
11 12
11 10
11 0
11 8
11 0
11 0
11 0
11 0
11 0
11 113
11 16
11 0
11 0
11 0
11 0
11 0
11 18
11 0
11 0
11 0
11 0
11 0
11 113
11 0
11 4
11 99
11 0
11 0
11 2
12 8
12 0
12 4
12 0
12 0
12 0
12 0
12 0
12 0
12 0
12 0
12 0
12 0
12 0
12 2
12 12
12 1
12 0
12 0
12 0
12 0
12 6
12 0
12 0
12 0
12 12
12 0
12 0
12 14
12 0
12 0
12 0
12 3
12 0
12 14
12 0
12 14
12 12
12 3
12 0
12 0
12 0
12 4
12 10
12 6
12 10
12 0
12 2
12 3
12 111
13 0
13 0
13 6
13 0
13 4
13 0
13 2
13 0
13 0
13 3
13 0
13 0
13 18
13 0
13 0
13 16
13 0
13 0
13 0
13 2
13 0
13 0
13 14
13 0
13 4
13 10
13 0
13 0
13 0
13 0
13 0
13 0
13 0
13 1
13 0
13 14
13 0
13 0
13 0
13 8
13 0
13 0
13 0
13 0
13 0
13 123
13 0
13 0
13 4
13 16
14 115
14 0
14 0
14 0
14 149
14 0
14 0
14 0
14 2
14 0
14 0
14 3
14 0
14 0
14 18
14 6
14 0
14 0
14 6
14 131
14 3
14 0
14 0
14 6
14 2
14 12
14 1
14 0
14 6
14 12
14 14
14 12
14 18
14 0
14 12
14 0
14 0
14 14
14 0
14 0
14 0
14 0
14 6
14 131
14 4
14 16
14 4
14 0
14 18
14 6
15 113
15 18
15 4
15 14
15 2
15 0
15 14
15 0
15 0
15 0
15 10
15 248
15 0
15 14
15 0
15 3
15 4
15 8
15 6
15 0
15 6
15 107
15 0
15 0
15 4
15 0
15 0
15 0
15 6
15 121
15 10
15 101
15 0
15 18
15 0
15 14
15 0
15 0
15 6
15 0
15 16
15 0
15 0
15 0
15 119
15 3
15 0
15 0
15 12
15 0
16 0
16 125
16 6
16 0
16 6
16 0
16 486
16 0
16 0
16 3
16 0
16 4
16 0
16 102
16 2
16 0
16 0
16 0
16 0
16 487
16 2
16 0
16 107
16 2
16 0
16 6
16 0
16 4
16 0
16 0
16 0
16 8
16 8
16 0
16 0
16 0
16 0
16 18
16 105
16 10
16 4
16 101
16 10
16 2
16 0
16 2
16 0
16 4
16 0
16 10
17 0
17 236
17 14
17 0
17 8
17 216
17 8
17 10
17 3
17 4
17 0
17 2
17 0
17 357
17 0
17 0
17 0
17 6
17 4
17 133
17 0
17 0
17 0
17 6
17 16
17 0
17 0
17 2
17 2
17 6
17 0
17 10
17 14
17 10
17 2
17 2
17 0
17 0
17 118
17 0
17 4
17 4
17 6
17 6
17 0
17 0
17 0
17 2
17 10
17 0
18 1387
18 0
18 0
18 2
18 0
18 3
18 0
18 2
18 3
18 16
18 0
18 0
18 0
18 0
18 4
18 0
18 0
18 0
18 0
18 6
18 10
18 18
18 4
18 2
18 3
18 1
18 6
18 0
18 4
18 2
18 18
18 0
18 0
18 0
18 3
18 0
18 18
18 0
18 8
18 8
18 0
18 6
18 264
18 4
18 0
18 0
18 2
18 0
18 107
18 129
19 0
19 0
19 0
19 0
19 2
19 0
19 0
19 10
19 0
19 14
19 2
19 2
19 0
19 0
19 0
19 0
19 4
19 18
19 12
19 0
19 0
19 0
19 2
19 0
19 0
19 3
19 0
19 0
19 350
19 12
19 0
19 103
19 4
19 111
19 1
19 4
19 10
19 1
19 6
19 2
19 6
19 826
19 6
19 4
19 0
19 0
19 0
19 14
19 0
19 0
20 132
20 0
20 12
20 0
20 4
20 0
20 8
20 18
20 354
20 0
20 6
20 14
20 6
20 6
20 0
20 0
20 1
20 0
20 14
20 0
20 0
20 0
20 8
20 8
20 115
20 4
20 0
20 16
20 0
20 0
20 0
20 0
20 0
20 0
20 2
20 0
20 0
20 0
20 0
20 2
20 0
20 2
20 0
20 14
20 103
20 1
20 2
20 6
20 8
20 3
21 0
21 14
21 113
21 2
21 4
21 0
21 0
21 2
21 0
21 1
21 0
21 6
21 0
21 16
21 452
21 0
21 4
21 0
21 101
21 0
21 0
21 6
21 12
21 442
21 6
21 0
21 0
21 244
21 1
21 16
21 12
21 0
21 4
21 3
21 12
21 153
21 12
21 0
21 0
21 0
21 4
21 0
21 0
21 18
21 0
21 0
21 0
21 0
21 4
21 139
22 0
22 0
22 0
22 0
22 0
22 0
22 16
22 2
22 0
22 0
22 6
22 0
22 0
22 14
22 113
22 18
22 0
22 0
22 127
22 8
22 0
22 12
22 0
22 0
22 0
22 0
22 12
22 0
22 4
22 8
22 4
22 0
22 340
22 0
22 0
22 0
22 0
22 0
22 0
22 16
22 6
22 0
22 0
22 2
22 18
22 0
22 10
22 0
22 18
22 4
23 139
23 0
23 0
23 4
23 0
23 0
23 12
23 0
23 0
23 14
23 12
23 18
23 6
23 0
23 323
23 0
23 0
23 0
23 0
23 10
23 0
23 0
23 0
23 4
23 108
23 0
23 0
23 0
23 16
23 0
23 0
23 0
23 0
23 111
23 4
23 0
23 10
23 6
23 4
23 0
23 6
23 2
23 4
23 4
23 0
23 6
23 0
23 4
23 12
23 1
24 587
24 0
24 6
24 0
24 2
24 12
24 0
24 10
24 1
24 0
24 0
24 145
24 16
24 17
24 0
24 131
24 4
24 1
24 104
24 20
24 0
24 603
24 8
24 0
24 16
24 0
24 0
24 0
24 0
24 0
24 6
24 12
24 4
24 0
24 0
24 18
24 0
24 1
24 2
24 0
24 4
24 0
24 202
24 12
24 1
24 0
24 0
24 18
24 0
24 0
25 772
25 125
25 18
25 2
25 2
25 0
25 1
25 6
25 0
25 4
25 0
25 2
25 0
25 0
25 0
25 8
25 0
25 16
25 0
25 18
25 0
25 18
25 4
25 12
25 0
25 0
25 0
25 18
25 14
25 359
25 0
25 0
25 1
25 4
25 0
25 6
25 2
25 16
25 2
25 10
25 12
25 4
25 10
25 0
25 6
25 1
25 0
25 14
25 0
25 0
26 1159
26 18
26 12
26 499
26 2
26 0
26 8
26 4
26 16
26 2
26 4
26 107
26 0
26 0
26 0
26 0
26 0
26 0
26 0
26 0
26 2
26 8
26 0
26 2
26 0
26 4
26 14
26 0
26 12
26 0
26 107
26 0
26 12
26 0
26 0
26 4
26 0
26 6
26 0
26 0
26 10
26 4
26 0
26 14
26 0
26 8
26 12
26 8
26 0
26 0
27 0
27 206
27 4
27 0
27 3
27 0
27 0
27 14
27 0
27 2
27 0
27 0
27 4
27 3
27 4
27 0
27 6
27 0
27 0
27 2
27 10
27 0
27 16
27 2
27 6
27 0
27 0
27 0
27 0
27 14
27 347
27 4
27 327
27 0
27 0
27 0
27 0
27 0
27 0
27 8
27 0
27 0
27 12
27 0
27 361
27 10
27 0
27 0
27 14
27 0
28 500
28 10
28 2
28 3
28 0
28 6
28 0
28 6
28 0
28 0
28 0
28 0
28 0
28 0
28 0
28 0
28 0
28 0
28 1183
28 0
28 113
28 14
28 2
28 8
28 16
28 6
28 0
28 0
28 0
28 0
28 0
28 2
28 0
28 16
28 0
28 0
28 16
28 0
28 0
28 0
28 0
28 0
28 1
28 6
28 0
28 101
28 119
28 4
28 0
28 213
29 2039
29 0
29 231
29 0
29 10
29 3
29 0
29 1
29 119
29 0
29 0
29 0
29 2
29 447
29 2
29 266
29 0
29 2
29 1
29 0
29 0
29 351
29 248
29 2
29 0
29 2
29 109
29 6
29 6
29 0
29 0
29 0
29 123
29 0
29 0
29 0
29 4
29 0
29 0
29 0
29 107
29 0
29 0
29 0
29 0
29 2
29 107
29 0
29 2
29 0
30 18
30 18
30 0
30 113
30 0
30 4
30 8
30 2
30 8
30 2
30 2
30 0
30 118
30 0
30 3
30 121
30 14
30 0
30 0
30 10
30 121
30 0
30 2
30 8
30 6
30 6
30 0
30 0
30 0
30 2
30 2
30 0
30 4
30 3
30 0
30 2
30 0
30 8
30 0
30 0
30 105
30 113
30 0
30 14
30 0
30 0
30 10
30 2
30 0
30 1127
31 0
31 0
31 103
31 10
31 0
31 6
31 1
31 0
31 8
31 0
31 0
31 0
31 0
31 4
31 0
31 14
31 2
31 0
31 0
31 0
31 2
31 18
31 117
31 0
31 109
31 0
31 3
31 118
31 16
31 115
31 0
31 0
31 0
31 0
31 16
31 2
31 111
31 16
31 16
31 0
31 0
31 2
31 0
31 0
31 115
31 0
31 0
31 1
31 4
31 18
32 123
32 3
32 0
32 0
32 0
32 14
32 0
32 6
32 0
32 1
32 115
32 0
32 0
32 0
32 2
32 12
32 10
32 4
32 0
32 1001
32 0
32 1
32 2
32 18
32 0
32 2
32 0
32 0
32 18
32 6
32 4
32 0
32 2
32 3
32 123
32 8
32 4
32 12
32 16
32 113
32 0
32 6
32 0
32 0
32 16
32 2
32 8
32 0
32 0
32 0
33 2
33 0
33 123
33 4
33 0
33 18
33 0
33 1
33 4
33 12
33 0
33 117
33 0
33 0
33 0
33 105
33 0
33 2
33 2
33 0
33 0
33 0
33 0
33 0
33 4
33 109
33 4
33 0
33 113
33 16
33 0
33 12
33 8
33 0
33 12
33 2
33 6
33 4
33 14
33 10
33 0
33 0
33 0
33 4
33 0
33 8
33 0
33 2
33 2
33 0
34 0
34 0
34 0
34 6
34 0
34 0
34 0
34 3
34 0
34 6
34 0
34 0
34 0
34 0
34 16
34 0
34 107
34 0
34 4
34 8
34 0
34 0
34 234
34 16
34 0
34 0
34 121
34 0
34 12
34 0
34 0
34 0
34 8
34 0
34 0
34 0
34 8
34 0
34 2
34 0
34 10
34 0
34 0
34 4
34 0
34 109
34 231
34 121
34 12
34 101
35 123
35 4
35 0
35 117
35 6
35 111
35 0
35 0
35 0
35 0
35 4
35 0
35 0
35 14
35 2
35 0
35 0
35 115
35 0
35 485
35 0
35 4
35 0
35 0
35 101
35 14
35 0
35 0
35 0
35 0
35 4
35 14
35 14
35 0
35 4
35 1
35 0
35 0
35 0
35 1312
35 4
35 2
35 0
35 0
35 0
35 4
35 18
35 4
35 0
35 0
36 0
36 0
36 8
36 0
36 0
36 2
36 0
36 0
36 4
36 16
36 348
36 0
36 18
36 18
36 0
36 121
36 0
36 0
36 0
36 4
36 0
36 0
36 0
36 4
36 0
36 0
36 0
36 0
36 3
36 18
36 0
36 0
36 0
36 2
36 4
36 10
36 1231
36 8
36 0
36 1
36 0
36 222
36 4
36 20
36 0
36 0
36 4
36 16
36 0
36 12
37 1350
37 20
37 0
37 4
37 0
37 0
37 2
37 0
37 0
37 113
37 0
37 0
37 10
37 4
37 0
37 343
37 0
37 3
37 0
37 2
37 0
37 0
37 2
37 2
37 0
37 0
37 0
37 123
37 119
37 701
37 2
37 512
37 231
37 10
37 670
37 0
37 0
37 0
37 4
37 0
37 90
37 4
37 0
37 4
37 0
37 8
37 0
37 4
37 0
37 1
38 125
38 1
38 0
38 551
38 2
38 0
38 0
38 481
38 0
38 0
38 99
38 0
38 0
38 16
38 123
38 1
38 1
38 0
38 0
38 0
38 236
38 0
38 389
38 0
38 12
38 18
38 18
38 16
38 0
38 2
38 0
38 0
38 10
38 4
38 14
38 100
38 109
38 2
38 115
38 2
38 4
38 416
38 0
38 414
38 0
38 2
38 10
38 0
38 0
38 4
39 0
39 115
39 1
39 0
39 16
39 0
39 0
39 0
39 1229
39 123
39 0
39 0
39 0
39 0
39 250
39 0
39 0
39 0
39 0
39 103
39 2
39 0
39 18
39 0
39 0
39 0
39 123
39 710
39 0
39 6
39 0
39 4
39 2
39 0
39 0
39 531
39 0
39 16
39 0
39 0
39 129
39 0
39 1171
39 738
39 0
39 0
39 0
39 0
39 0
39 2
40 0
40 0
40 14
40 0
40 0
40 2
40 6
40 2
40 546
40 0
40 0
40 0
40 6
40 244
40 4
40 0
40 10
40 10
40 109
40 10
40 0
40 464
40 12
40 0
40 0
40 12
40 0
40 0
40 4
40 0
40 0
40 0
40 6
40 0
40 2
40 0
40 6
40 0
40 0
40 0
40 2
40 0
40 0
40 4
40 16
40 2
40 0
40 231
40 0
40 0
41 8
41 107
41 99
41 12
41 0
41 0
41 18
41 0
41 12
41 443
41 0
41 4
41 10
41 16
41 0
41 0
41 111
41 18
41 0
41 12
41 129
41 246
41 0
41 0
41 8
41 0
41 2
41 108
41 246
41 0
41 107
41 212
41 2
41 716
41 10
41 133
41 3
41 0
41 0
41 6
41 0
41 113
41 3
41 0
41 0
41 0
41 10
41 0
41 0
41 6
42 347
42 18
42 0
42 0
42 6
42 12
42 1
42 0
42 8
42 0
42 0
42 4
42 0
42 556
42 0
42 18
42 0
42 119
42 0
42 0
42 123
42 0
42 0
42 0
42 0
42 14
42 4
42 0
42 0
42 4
42 0
42 107
42 2
42 0
42 121
42 20
42 222
42 0
42 0
42 6
42 0
42 0
42 1
42 4
42 4
42 1
42 2
42 0
42 0
42 4
43 0
43 8
43 0
43 0
43 0
43 8
43 542
43 2
43 10
43 2
43 4
43 0
43 0
43 97
43 0
43 0
43 0
43 0
43 0
43 284
43 6
43 0
43 0
43 0
43 2
43 0
43 0
43 0
43 0
43 12
43 0
43 16
43 10
43 0
43 0
43 111
43 6
43 0
43 28
43 0
43 123
43 0
43 0
43 531
43 12
43 97
43 4
43 0
43 0
43 2
44 0
44 33
44 0
44 145
44 99
44 117
44 14
44 1
44 2
44 8
44 2
44 1039
44 270
44 0
44 2
44 0
44 8
44 10
44 1
44 1
44 4
44 1
44 131
44 2
44 8
44 2
44 0
44 0
44 0
44 0
44 0
44 0
44 0
44 6
44 10
44 14
44 0
44 0
44 0
44 107
44 0
44 123
44 0
44 123
44 345
44 0
44 123
44 18
44 12
44 117
45 0
45 0
45 16
45 4
45 4
45 479
45 2
45 0
45 111
45 0
45 0
45 0
45 4
45 0
45 94
45 3
45 122
45 110
45 0
45 0
45 0
45 0
45 117
45 131
45 2
45 121
45 4
45 0
45 8
45 0
45 0
45 0
45 2
45 0
45 0
45 0
45 0
45 0
45 0
45 0
45 10
45 0
45 115
45 0
45 0
45 0
45 0
45 0
45 6
45 223
46 0
46 0
46 6
46 453
46 0
46 14
46 780
46 4
46 0
46 6
46 123
46 107
46 12
46 18
46 4
46 3
46 117
46 101
46 18
46 18
46 16
46 0
46 0
46 0
46 0
46 0
46 4
46 0
46 3
46 0
46 0
46 208
46 208
46 107
46 0
46 4
46 2
46 1
46 14
46 0
46 103
46 0
46 99
46 0
46 0
46 4
46 4
46 6
46 312
46 2
47 0
47 0
47 111
47 0
47 0
47 10
47 1
47 0
47 0
47 0
47 912
47 4
47 4
47 111
47 0
47 18
47 0
47 2
47 1
47 12
47 205
47 16
47 0
47 122
47 0
47 0
47 16
47 0
47 0
47 248
47 633
47 4
47 6
47 2
47 0
47 0
47 0
47 458
47 0
47 0
47 18
47 18
47 0
47 2
47 0
47 732
47 3
47 0
47 0
47 6
48 0
48 0
48 0
48 6
48 4
48 12
48 0
48 2
48 0
48 0
48 18
48 0
48 10
48 0
48 16
48 2
48 0
48 461
48 0
48 0
48 0
48 0
48 0
48 0
48 0
48 124
48 0
48 4
48 0
48 16
48 230
48 0
48 0
48 212
48 0
48 0
48 0
48 16
48 16
48 0
48 0
48 0
48 115
48 149
48 2
48 107
48 339
48 14
48 0
48 0
49 0
49 0
49 0
49 0
49 8
49 4
49 0
49 113
49 566
49 232
49 12
49 0
49 0
49 0
49 0
49 0
49 1
49 0
49 0
49 4
49 16
49 8
49 0
49 0
49 16
49 718
49 10
49 2
49 0
49 0
49 0
49 18
49 0
49 0
49 4
49 0
49 4
49 0
49 2
49 0
49 0
49 1465
49 1
49 0
49 4
49 0
49 14
49 332
49 0
49 2
50 539
50 120
50 0
50 0
50 0
50 6
50 0
50 0
50 0
50 0
50 376
50 782
50 16
50 14
50 112
50 122
50 358
50 2
50 14
50 0
50 0
50 0
50 16
50 0
50 0
50 4
50 0
50 567
50 412
50 0
50 0
50 0
50 2
50 0
50 4
50 6
50 2
50 783
50 0
50 4
50 16
50 6
50 0
50 0
50 4
50 0
50 14
50 0
50 18
50 6
51 0
51 1166
51 0
51 0
51 0
51 0
51 0
51 1440
51 2
51 16
51 0
51 0
51 655
51 0
51 0
51 1
51 0
51 0
51 946
51 0
51 581
51 0
51 127
51 685
51 117
51 0
51 8
51 0
51 0
51 2
51 0
51 0
51 18
51 4
51 738
51 0
51 0
51 0
51 0
51 594
51 693
51 2
51 4
51 0
51 2
51 0
51 803
51 1
51 0
51 299
52 0
52 112
52 0
52 105
52 0
52 703
52 0
52 0
52 0
52 0
52 377
52 0
52 110
52 0
52 0
52 0
52 221
52 14
52 1
52 0
52 976
52 0
52 415
52 812
52 0
52 0
52 8
52 0
52 0
52 0
52 0
52 0
52 4
52 0
52 0
52 0
52 689
52 110
52 0
52 2
52 890
52 417
52 0
52 4
52 0
52 0
52 0
52 0
52 0
52 8
53 0
53 1073
53 0
53 0
53 0
53 0
53 0
53 1397
53 1598
53 696
53 0
53 0
53 1
53 0
53 4
53 3
53 0
53 310
53 0
53 2
53 0
53 0
53 0
53 14
53 4
53 0
53 0
53 18
53 237
53 12
53 236
53 236
53 1
53 570
53 1600
53 0
53 14
53 0
53 463
53 0
53 0
53 337
53 474
53 0
53 16
53 0
53 0
53 0
53 224
53 0
54 0
54 0
54 365
54 0
54 0
54 107
54 2
54 0
54 0
54 0
54 0
54 343
54 0
54 120
54 101
54 107
54 0
54 12
54 0
54 16
54 0
54 0
54 264
54 16
54 0
54 107
54 0
54 0
54 2
54 0
54 1151
54 18
54 8
54 8
54 0
54 593
54 0
54 0
54 248
54 2
54 0
54 0
54 0
54 4
54 12
54 383
54 0
54 2
54 0
54 0
55 0
55 2
55 0
55 0
55 0
55 3
55 0
55 0
55 226
55 0
55 0
55 0
55 0
55 0
55 107
55 18
55 1
55 0
55 208
55 0
55 0
55 387
55 0
55 0
55 0
55 0
55 660
55 678
55 0
55 8
55 20
55 0
55 250
55 14
55 2
55 2
55 0
55 232
55 10
55 0
55 0
55 603
55 0
55 18
55 1
55 213
55 1366
55 10
55 206
55 4
56 1074
56 1000
56 221
56 0
56 0
56 0
56 0
56 0
56 0
56 1
56 0
56 0
56 0
56 18
56 372
56 224
56 0
56 0
56 0
56 1242
56 0
56 0
56 1180
56 6
56 0
56 0
56 4
56 0
56 0
56 0
56 0
56 1
56 123
56 3
56 14
56 18
56 113
56 2
56 0
56 0
56 123
56 8
56 1489
56 2
56 111
56 107
56 0
56 0
56 115
56 209
57 0
57 0
57 115
57 0
57 359
57 12
57 14
57 0
57 2
57 0
57 0
57 1
57 0
57 2
57 115
57 1033
57 10
57 0
57 131
57 0
57 0
57 124
57 0
57 1
57 0
57 0
57 4
57 16
57 0
57 10
57 4
57 12
57 105
57 522
57 0
57 0
57 18
57 18
57 2
57 0
57 0
57 2
57 1037
57 0
57 0
57 0
57 111
57 0
57 0
57 0
58 0
58 0
58 562
58 0
58 0
58 809
58 1
58 0
58 0
58 2
58 0
58 0
58 0
58 1
58 6
58 0
58 0
58 0
58 0
58 4
58 137
58 4
58 0
58 0
58 0
58 105
58 457
58 714
58 0
58 111
58 0
58 488
58 0
58 0
58 307
58 120
58 0
58 967
58 766
58 680
58 0
58 4
58 0
58 0
58 0
58 2
58 0
58 240
58 2
58 826
59 0
59 0
59 8
59 0
59 0
59 1
59 0
59 3
59 0
59 131
59 0
59 14
59 0
59 0
59 0
59 18
59 0
59 0
59 0
59 2
59 0
59 0
59 467
59 0
59 0
59 10
59 14
59 0
59 2
59 241
59 0
59 556
59 0
59 152
59 0
59 460
59 0
59 0
59 0
59 0
59 1
59 157
59 0
59 0
59 111
59 0
59 0
59 0
59 0
59 567
60 0
60 0
60 0
60 0
60 4
60 871
60 0
60 118
60 0
60 1
60 1
60 1004
60 4
60 10
60 292
60 0
60 1
60 0
60 510
60 0
60 0
60 237
60 4
60 12
60 0
60 0
60 18
60 4
60 14
60 120
60 0
60 0
60 1206
60 0
60 2
60 16
60 4
60 0
60 813
60 895
60 0
60 0
60 116
60 105
60 610
60 367
60 0
60 0
60 0
60 14
61 674
61 14
61 361
61 0
61 518
61 16
61 0
61 0
61 501
61 0
61 0
61 0
61 0
61 2
61 0
61 113
61 0
61 0
61 0
61 1054
61 2
61 8
61 18
61 547
61 0
61 975
61 2
61 0
61 250
61 213
61 2
61 227
61 16
61 0
61 232
61 0
61 546
61 262
61 740
61 106
61 16
61 360
61 383
61 102
61 10
61 344
61 0
61 796
61 0
61 1
62 0
62 2
62 2
62 0
62 125
62 6
62 0
62 1049
62 6
62 2
62 0
62 762
62 16
62 157
62 250
62 0
62 487
62 113
62 0
62 1
62 0
62 0
62 264
62 110
62 0
62 0
62 0
62 0
62 18
62 0
62 921
62 0
62 394
62 0
62 0
62 0
62 849
62 2
62 4
62 0
62 16
62 1387
62 0
62 119
62 0
62 0
62 858
62 0
62 0
62 0
63 625
63 910
63 6
63 0
63 0
63 355
63 0
63 0
63 18
63 0
63 0
63 18
63 590
63 137
63 0
63 14
63 343
63 2
63 14
63 0
63 0
63 18
63 102
63 0
63 0
63 0
63 0
63 447
63 812
63 388
63 1293
63 6
63 0
63 783
63 0
63 115
63 0
63 480
63 0
63 131
63 10
63 303
63 0
63 107
63 0
63 0
63 2
63 0
63 244
63 992
64 263
64 0
64 0
64 0
64 584
64 8
64 0
64 0
64 0
64 611
64 0
64 6
64 0
64 12
64 8
64 0
64 0
64 417
64 0
64 560
64 0
64 0
64 2
64 16
64 4
64 560
64 0
64 2
64 0
64 717
64 2
64 686
64 1020
64 0
64 0
64 0
64 0
64 0
64 0
64 1728
64 10
64 0
64 234
64 491
64 892
64 0
64 752
64 0
64 18
64 0
65 113
65 0
65 1063
65 0
65 0
65 18
65 0
65 12
65 15
65 385
65 2
65 262
65 0
65 0
65 0
65 746
65 1
65 107
65 294
65 4
65 2
65 732
65 18
65 0
65 0
65 0
65 0
65 117
65 0
65 0
65 1066
65 0
65 0
65 4
65 0
65 110
65 2
65 0
65 0
65 6
65 0
65 1302
65 0
65 10
65 333
65 0
65 373
65 0
65 4
65 220
66 0
66 0
66 0
66 1277
66 123
66 0
66 2
66 14
66 0
66 590
66 0
66 4
66 319
66 637
66 4
66 0
66 0
66 0
66 0
66 361
66 0
66 2
66 2
66 4
66 231
66 525
66 0
66 0
66 0
66 0
66 0
66 133
66 12
66 0
66 4
66 228
66 0
66 242
66 590
66 0
66 442
66 0
66 617
66 1019
66 18
66 876
66 0
66 0
66 0
66 0
67 0
67 0
67 433
67 691
67 0
67 0
67 1186
67 0
67 119
67 1205
67 0
67 0
67 0
67 0
67 0
67 2
67 18
67 0
67 0
67 1167
67 6
67 0
67 16
67 247
67 937
67 0
67 14
67 4
67 873
67 0
67 955
67 934
67 0
67 0
67 997
67 0
67 0
67 202
67 0
67 0
67 0
67 0
67 220
67 0
67 547
67 0
67 1020
67 0
67 0
67 0
68 0
68 0
68 14
68 4
68 103
68 99
68 14
68 149
68 0
68 107
68 4
68 8
68 186
68 0
68 757
68 560
68 334
68 2
68 0
68 0
68 1523
68 0
68 1642
68 111
68 672
68 10
68 4
68 2
68 6
68 0
68 478
68 161
68 0
68 6
68 0
68 0
68 0
68 429
68 579
68 727
68 4
68 18
68 0
68 97
68 0
68 2
68 12
68 2
68 0
68 0
69 342
69 0
69 0
69 9
69 2
69 102
69 0
69 0
69 896
69 1832
69 214
69 0
69 0
69 0
69 0
69 208
69 0
69 0
69 0
69 0
69 0
69 8
69 117
69 342
69 1
69 2
69 2
69 0
69 943
69 16
69 0
69 0
69 2
69 424
69 0
69 2
69 0
69 0
69 0
69 103
69 0
69 0
69 0
69 2
69 212
69 16
69 1010
69 834
69 934
69 3
70 336
70 536
70 0
70 10
70 18
70 0
70 6
70 0
70 0
70 0
70 0
70 0
70 16
70 0
70 2
70 905
70 0
70 6
70 4
70 0
70 2
70 0
70 0
70 311
70 0
70 0
70 0
70 8
70 0
70 383
70 0
70 0
70 12
70 1
70 0
70 236
70 0
70 0
70 115
70 111
70 561
70 4
70 4
70 0
70 0
70 250
70 0
70 107
70 12
70 4
71 0
71 623
71 0
71 814
71 2
71 0
71 0
71 0
71 348
71 0
71 462
71 448
71 561
71 0
71 358
71 230
71 12
71 0
71 559
71 18
71 0
71 2
71 119
71 123
71 968
71 0
71 1
71 0
71 18
71 0
71 0
71 10
71 0
71 0
71 129
71 0
71 535
71 0
71 0
71 0
71 367
71 0
71 125
71 0
71 0
71 0
71 119
71 976
71 114
71 10
72 0
72 18
72 0
72 107
72 0
72 0
72 6
72 105
72 16
72 0
72 0
72 0
72 0
72 672
72 1077
72 553
72 12
72 14
72 4
72 643
72 0
72 0
72 1157
72 109
72 4
72 469
72 16
72 121
72 0
72 522
72 0
72 314
72 18
72 788
72 0
72 0
72 16
72 488
72 349
72 0
72 0
72 0
72 123
72 3
72 0
72 0
72 1
72 0
72 2
72 0
73 0
73 18
73 2
73 0
73 474
73 252
73 0
73 0
73 0
73 241
73 0
73 0
73 0
73 16
73 731
73 2
73 0
73 0
73 6
73 1121
73 554
73 0
73 0
73 0
73 0
73 0
73 16
73 752
73 0
73 0
73 0
73 16
73 311
73 2
73 498
73 0
73 114
73 1
73 627
73 0
73 2
73 10
73 0
73 348
73 0
73 0
73 0
73 0
73 0
73 0
74 0
74 0
74 1213
74 2
74 4
74 0
74 0
74 113
74 0
74 1
74 2
74 4
74 0
74 0
74 0
74 18
74 0
74 2
74 453
74 109
74 20
74 0
74 364
74 1468
74 617
74 0
74 0
74 4
74 466
74 2
74 18
74 0
74 1158
74 0
74 133
74 0
74 4
74 4
74 582
74 16
74 435
74 0
74 0
74 749
74 0
74 230
74 0
74 0
74 0
74 6
75 0
75 361
75 0
75 0
75 0
75 0
75 0
75 110
75 115
75 2
75 0
75 6
75 8
75 1324
75 18
75 0
75 12
75 16
75 100
75 16
75 324
75 0
75 0
75 109
75 4
75 0
75 14
75 0
75 0
75 0
75 12
75 0
75 2
75 20
75 870
75 0
75 18
75 0
75 0
75 0
75 0
75 0
75 6
75 0
75 0
75 343
75 4
75 963
75 220
75 0
76 18
76 0
76 822
76 0
76 99
76 0
76 14
76 16
76 885
76 12
76 554
76 2
76 0
76 248
76 113
76 0
76 6
76 2
76 266
76 1
76 0
76 1062
76 624
76 4
76 0
76 115
76 656
76 623
76 6
76 0
76 18
76 3
76 115
76 0
76 274
76 0
76 348
76 333
76 915
76 0
76 2
76 276
76 0
76 0
76 370
76 0
76 0
76 0
76 116
76 544
77 0
77 2
77 1099
77 0
77 890
77 0
77 0
77 236
77 155
77 0
77 0
77 116
77 0
77 464
77 0
77 10
77 2
77 0
77 0
77 0
77 16
77 0
77 0
77 126
77 753
77 0
77 0
77 0
77 0
77 0
77 18
77 0
77 2
77 8
77 3
77 109
77 0
77 592
77 0
77 0
77 1
77 210
77 16
77 0
77 0
77 1002
77 0
77 0
77 0
77 0
78 1556
78 114
78 107
78 0
78 0
78 260
78 3
78 800
78 881
78 0
78 1209
78 0
78 10
78 0
78 266
78 0
78 0
78 2
78 14
78 8
78 1
78 0
78 0
78 18
78 0
78 334
78 628
78 0
78 2
78 0
78 105
78 18
78 3
78 0
78 0
78 0
78 2
78 1
78 0
78 0
78 0
78 10
78 0
78 12
78 1
78 601
78 0
78 258
78 4
78 0
79 0
79 2
79 115
79 0
79 0
79 6
79 2
79 16
79 0
79 16
79 18
79 848
79 322
79 0
79 927
79 10
79 0
79 0
79 0
79 0
79 123
79 4
79 0
79 755
79 4
79 0
79 0
79 0
79 202
79 0
79 0
79 0
79 0
79 1114
79 0
79 564
79 0
79 0
79 10
79 0
79 14
79 2
79 10
79 0
79 0
79 0
79 1
79 258
79 10
79 4
80 0
80 0
80 0
80 18
80 0
80 0
80 547
80 0
80 0
80 517
80 671
80 18
80 1
80 0
80 727
80 786
80 8
80 16
80 12
80 12
80 0
80 0
80 0
80 1
80 8
80 0
80 550
80 0
80 0
80 14
80 2
80 0
80 1
80 117
80 4
80 109
80 0
80 0
80 18
80 739
80 4
80 0
80 0
80 562
80 0
80 434
80 0
80 0
80 14
80 0
81 0
81 659
81 119
81 10
81 0
81 0
81 0
81 0
81 6
81 16
81 437
81 123
81 0
81 10
81 673
81 463
81 0
81 0
81 10
81 0
81 115
81 2
81 0
81 0
81 0
81 2
81 0
81 0
81 2
81 113
81 249
81 0
81 0
81 0
81 12
81 18
81 363
81 492
81 226
81 0
81 18
81 20
81 0
81 115
81 123
81 2
81 0
81 0
81 941
81 0
82 0
82 16
82 18
82 0
82 0
82 0
82 0
82 0
82 0
82 4
82 2
82 111
82 448
82 99
82 1047
82 0
82 12
82 0
82 138
82 1016
82 2
82 0
82 0
82 4
82 2
82 1161
82 1
82 0
82 0
82 416
82 1157
82 0
82 459
82 340
82 0
82 0
82 0
82 0
82 0
82 117
82 347
82 0
82 0
82 0
82 570
82 124
82 208
82 0
82 0
82 0
83 0
83 2
83 211
83 98
83 18
83 0
83 210
83 0
83 2
83 0
83 0
83 389
83 4
83 763
83 1
83 2
83 0
83 598
83 0
83 0
83 0
83 0
83 0
83 210
83 0
83 0
83 0
83 0
83 845
83 0
83 0
83 0
83 107
83 909
83 0
83 337
83 116
83 10
83 0
83 18
83 4
83 0
83 2
83 0
83 0
83 0
83 0
83 4
83 12
83 231
84 0
84 0
84 1182
84 677
84 209
84 0
84 0
84 0
84 119
84 4
84 0
84 14
84 0
84 0
84 0
84 4
84 351
84 704
84 0
84 0
84 135
84 0
84 1
84 0
84 0
84 0
84 0
84 486
84 14
84 0
84 16
84 2
84 1125
84 234
84 0
84 1
84 0
84 377
84 0
84 125
84 109
84 124
84 2
84 2
84 0
84 16
84 1077
84 0
84 2
84 0
85 0
85 206
85 0
85 10
85 0
85 2
85 0
85 0
85 122
85 2
85 0
85 0
85 244
85 0
85 1
85 0
85 0
85 0
85 0
85 14
85 0
85 2
85 109
85 0
85 0
85 0
85 243
85 422
85 0
85 0
85 0
85 450
85 0
85 433
85 834
85 0
85 0
85 4
85 0
85 0
85 0
85 0
85 0
85 0
85 2
85 0
85 0
85 0
85 0
85 153
86 0
86 759
86 226
86 346
86 545
86 233
86 10
86 0
86 107
86 2
86 2
86 0
86 0
86 0
86 0
86 243
86 18
86 0
86 18
86 903
86 0
86 0
86 0
86 605
86 252
86 0
86 384
86 4
86 20
86 8
86 0
86 0
86 117
86 4
86 0
86 129
86 2
86 10
86 0
86 18
86 4
86 0
86 341
86 0
86 0
86 0
86 0
86 136
86 0
86 121
87 1256
87 4
87 0
87 0
87 355
87 0
87 0
87 0
87 14
87 622
87 2
87 2
87 109
87 0
87 0
87 0
87 328
87 0
87 0
87 116
87 1
87 0
87 0
87 890
87 559
87 228
87 0
87 0
87 474
87 0
87 0
87 220
87 0
87 0
87 212
87 0
87 694
87 446
87 207
87 890
87 634
87 0
87 4
87 8
87 6
87 0
87 0
87 20
87 14
87 0
88 0
88 0
88 501
88 0
88 352
88 0
88 18
88 256
88 1
88 698
88 103
88 12
88 0
88 0
88 117
88 109
88 548
88 1463
88 0
88 0
88 0
88 234
88 125
88 0
88 402
88 125
88 0
88 4
88 0
88 0
88 0
88 0
88 10
88 2
88 1
88 0
88 14
88 636
88 0
88 10
88 885
88 0
88 113
88 0
88 0
88 0
88 16
88 0
88 0
88 18
89 0
89 1
89 0
89 109
89 3
89 594
89 304
89 0
89 0
89 0
89 4
89 0
89 0
89 0
89 372
89 2
89 0
89 0
89 0
89 0
89 0
89 8
89 1
89 2
89 0
89 0
89 18
89 2
89 337
89 18
89 0
89 14
89 0
89 0
89 2
89 2
89 10
89 509
89 0
89 0
89 412
89 0
89 0
89 1
89 0
89 16
89 16
89 0
89 0
89 14
90 1013
90 117
90 0
90 0
90 0
90 0
90 8
90 112
90 18
90 0
90 0
90 0
90 1150
90 0
90 106
90 617
90 6
90 113
90 0
90 1
90 0
90 1003
90 231
90 246
90 0
90 12
90 0
90 0
90 1
90 14
90 6
90 0
90 4
90 0
90 6
90 123
90 451
90 0
90 479
90 709
90 0
90 0
90 4
90 0
90 2
90 0
90 12
90 0
90 4169
90 12
91 0
91 1
91 0
91 0
91 0
91 0
91 1198
91 633
91 14
91 0
91 0
91 109
91 8
91 0
91 759
91 971
91 230
91 527
91 0
91 0
91 3
91 1242
91 713
91 0
91 117
91 0
91 0
91 1895
91 118
91 0
91 803
91 362
91 262
91 0
91 0
91 0
91 1
91 0
91 857
91 0
91 0
91 119
91 0
91 274
91 0
91 0
91 0
91 0
91 1247
91 1056
92 1145
92 0
92 866
92 339
92 116
92 0
92 0
92 1
92 4
92 1469
92 0
92 97
92 468
92 0
92 0
92 0
92 246
92 0
92 0
92 717
92 0
92 0
92 2
92 0
92 1031
92 117
92 0
92 0
92 1652
92 0
92 1040
92 0
92 12
92 0
92 0
92 0
92 0
92 12
92 0
92 704
92 0
92 111
92 0
92 121
92 2
92 0
92 2
92 0
92 0
92 0
93 585
93 4
93 0
93 895
93 2
93 97
93 0
93 0
93 210
93 18
93 1271
93 127
93 4
93 4
93 0
93 0
93 10
93 0
93 0
93 113
93 0
93 337
93 215
93 0
93 3
93 107
93 2
93 1
93 107
93 0
93 617
93 0
93 0
93 2122
93 131
93 609
93 1
93 1044
93 0
93 0
93 0
93 0
93 2
93 332
93 0
93 18
93 4
93 109
93 2
93 0
94 120
94 1132
94 476
94 0
94 8
94 0
94 119
94 129
94 2
94 0
94 0
94 0
94 2
94 0
94 0
94 1610
94 0
94 0
94 3
94 0
94 1099
94 0
94 121
94 0
94 4
94 256
94 0
94 1825
94 453
94 102
94 0
94 0
94 0
94 0
94 0
94 0
94 2
94 0
94 1
94 0
94 1391
94 106
94 0
94 1861
94 103
94 1026
94 0
94 212
94 0
94 572
95 2061
95 363
95 121
95 8
95 1331
95 0
95 16
95 1
95 0
95 898
95 1037
95 0
95 0
95 0
95 352
95 228
95 2
95 713
95 0
95 3
95 0
95 0
95 0
95 0
95 0
95 0
95 248
95 491
95 492
95 465
95 1685
95 2
95 0
95 0
95 593
95 115
95 0
95 0
95 0
95 114
95 0
95 105
95 0
95 119
95 381
95 0
95 440
95 630
95 344
95 0
96 2752
96 0
96 116
96 0
96 0
96 0
96 0
96 1609
96 111
96 115
96 0
96 1
96 0
96 1
96 1
96 0
96 0
96 0
96 0
96 97
96 1
96 0
96 0
96 0
96 2
96 791
96 240
96 0
96 0
96 0
96 0
96 1
96 14
96 3
96 508
96 593
96 0
96 0
96 2
96 838
96 0
96 103
96 0
96 0
96 128
96 137
96 0
96 0
96 0
96 0
97 903
97 841
97 216
97 560
97 458
97 0
97 121
97 0
97 0
97 6
97 420
97 479
97 14
97 634
97 18
97 0
97 0
97 6
97 860
97 0
97 0
97 2
97 438
97 1742
97 1184
97 0
97 0
97 705
97 0
97 0
97 0
97 289
97 1304
97 491
97 6
97 1375
97 1085
97 519
97 2
97 109
97 0
97 115
97 6
97 312
97 471
97 14
97 0
97 3
97 732
97 846
98 1208
98 0
98 1598
98 0
98 117
98 0
98 0
98 0
98 0
98 118
98 124
98 319
98 1349
98 0
98 0
98 359
98 101
98 0
98 0
98 0
98 0
98 680
98 0
98 0
98 0
98 0
98 0
98 0
98 0
98 0
98 14
98 2
98 1219
98 114
98 2
98 0
98 4
98 18
98 0
98 0
98 117
98 0
98 318
98 111
98 0
98 0
98 0
98 1504
98 111
98 0
99 0
99 0
99 576
99 208
99 0
99 411
99 117
99 239
99 0
99 0
99 2
99 2
99 2
99 0
99 0
99 0
99 0
99 117
99 350
99 937
99 0
99 0
99 0
99 0
99 0
99 14
99 0
99 125
99 815
99 0
99 1
99 0
99 0
99 0
99 0
99 0
99 4
99 1603
99 2
99 1377
99 0
99 0
99 0
99 0
99 2
99 874
99 0
99 0
99 419
99 0
100 0
100 0
100 0
100 1633
100 119
100 0
100 0
100 4
100 3
100 446
100 2042
100 3
100 1
100 0
100 0
100 102
100 0
100 856
100 2
100 2766
100 112
100 0
100 113
100 0
100 0
100 0
100 218
100 2
100 397
100 0
100 6
100 0
100 121
100 0
100 1330
100 2
100 238
100 0
100 0
100 0
100 0
100 0
100 2659
100 0
100 12
100 3735
100 778
100 0
100 0
100 2
101 4131
101 0
101 0
101 3
101 0
101 839
101 1232
101 0
101 0
101 0
101 0
101 464
101 0
101 416
101 0
101 12
101 0
101 236
101 0
101 0
101 224
101 0
101 0
101 0
101 0
101 2
101 8
101 0
101 0
101 491
101 605
101 0
101 2
101 3
101 1
101 3
101 0
101 327
101 14
101 0
101 0
101 0
101 0
101 6
101 0
101 0
101 109
101 6
101 207
101 231
102 2109
102 0
102 0
102 0
102 16
102 0
102 0
102 0
102 116
102 0
102 0
102 4
102 123
102 2
102 14
102 0
102 0
102 490
102 115
102 0
102 115
102 4
102 0
102 103
102 0
102 0
102 223
102 14
102 575
102 0
102 331
102 0
102 2
102 1
102 0
102 660
102 0
102 0
102 222
102 97
102 2457
102 10
102 615
102 1849
102 3061
102 1210
102 0
102 1309
102 106
102 2
103 2893
103 98
103 0
103 4
103 3
103 131
103 3
103 97
103 2111
103 114
103 0
103 0
103 6
103 2
103 0
103 4
103 209
103 0
103 256
103 109
103 0
103 0
103 0
103 0
103 0
103 105
103 0
103 0
103 741
103 97
103 0
103 0
103 127
103 0
103 2
103 113
103 816
103 0
103 1
103 2232
103 0
103 0
103 1234
103 1333
103 0
103 0
103 0
103 0
103 124
103 303
104 4653
104 6
104 0
104 105
104 129
104 1303
104 6
104 4
104 8
104 2387
104 2
104 8
104 2
104 1198
104 0
104 4
104 6
104 1741
104 12
104 0
104 0
104 0
104 99
104 1
104 0
104 0
104 0
104 208
104 0
104 109
104 0
104 1362
104 0
104 12
104 0
104 589
104 2
104 109
104 123
104 3
104 0
104 0
104 0
104 4
104 0
104 8
104 119
104 2
104 0
104 287
105 0
105 99
105 0
105 5115
105 2
105 506
105 0
105 0
105 119
105 1015
105 0
105 4301
105 0
105 105
105 1465
105 4
105 0
105 0
105 1701
105 0
105 3
105 2
105 0
105 0
105 1043
105 119
105 0
105 121
105 2
105 0
105 0
105 2
105 2261
105 1
105 14
105 117
105 109
105 201
105 12
105 0
105 0
105 1
105 0
105 6
105 0
105 1065
105 0
105 0
105 0
105 26
106 0
106 369
106 0
106 0
106 111
106 0
106 3909
106 0
106 0
106 3
106 0
106 2
106 823
106 0
106 2
106 3
106 143
106 3
106 1885
106 6
106 0
106 125
106 3114
106 1960
106 6
106 0
106 0
106 0
106 0
106 129
106 682
106 903
106 0
106 6
106 3
106 3
106 6
106 3362
106 1029
106 1
106 924
106 0
106 0
106 993
106 774
106 0
106 0
106 0
106 4
106 0
107 1445
107 0
107 2
107 0
107 0
107 3359
107 3042
107 117
107 0
107 1669
107 372
107 0
107 0
107 6
107 115
107 104
107 18
107 18
107 115
107 477
107 2
107 1188
107 0
107 937
107 929
107 12
107 0
107 0
107 0
107 3919
107 0
107 0
107 8
107 6
107 0
107 340
107 3
107 101
107 14
107 0
107 3
107 222
107 0
107 0
107 0
107 0
107 0
107 0
107 0
107 0
108 0
108 0
108 1766
108 355
108 2
108 220
108 108
108 1091
108 2
108 0
108 0
108 2
108 0
108 120
108 6
108 0
108 0
108 102
108 118
108 4
108 1658
108 0
108 0
108 1720
108 0
108 742
108 4
108 0
108 2881
108 3
108 2613
108 2417
108 0
108 0
108 0
108 0
108 2
108 434
108 0
108 121
108 100
108 4
108 2420
108 0
108 6
108 0
108 0
108 2
108 16
108 0
109 0
109 0
109 6
109 3
109 1
109 103
109 0
109 2530
109 0
109 1484
109 0
109 0
109 6
109 0
109 726
109 311
109 2412
109 2
109 129
109 0
109 0
109 0
109 0
109 6
109 0
109 2
109 0
109 0
109 6
109 0
109 4977
109 126
109 4
109 0
109 4070
109 3
109 0
109 2619
109 229
109 218
109 2
109 14
109 124
109 0
109 2
109 0
109 235
109 8
109 0
109 2
110 1132
110 115
110 698
110 225
110 0
110 3
110 0
110 561
110 939
110 0
110 4
110 0
110 3102
110 0
110 2
110 1997
110 112
110 4732
110 1562
110 3913
110 0
110 6
110 1901
110 6
110 0
110 2
110 2
110 3209
110 6
110 1703
110 0
110 109
110 123
110 6
110 8
110 2
110 0
110 1502
110 2453
110 22
110 0
110 0
110 1364
110 0
110 3
110 0
110 4532
110 6
110 0
110 503
111 0
111 3340
111 0
111 3
111 0
111 0
111 1
111 220
111 103
111 105
111 272
111 0
111 0
111 0
111 8
111 107
111 316
111 0
111 0
111 4
111 542
111 0
111 2
111 4
111 536
111 0
111 0
111 0
111 1893
111 2
111 4326
111 0
111 0
111 3223
111 2343
111 106
111 0
111 4
111 0
111 0
111 0
111 0
111 107
111 106
111 2819
111 344
111 1387
111 0
111 0
111 0
112 0
112 124
112 0
112 0
112 0
112 0
112 116
112 6
112 18
112 0
112 1224
112 0
112 1226
112 0
112 1
112 3096
112 3
112 0
112 0
112 862
112 0
112 0
112 0
112 525
112 2
112 345
112 1
112 2
112 499
112 2
112 0
112 0
112 0
112 0
112 0
112 2
112 123
112 2
112 0
112 0
112 119
112 335
112 1
112 0
112 0
112 2
112 0
112 520
112 103
112 0
113 0
113 109
113 1129
113 2
113 105
113 2796
113 112
113 0
113 4
113 0
113 0
113 0
113 6
113 109
113 0
113 12
113 956
113 0
113 106
113 8
113 385
113 0
113 0
113 0
113 0
113 0
113 344
113 0
113 0
113 0
113 0
113 0
113 0
113 0
113 467
113 0
113 2
113 3
113 0
113 0
113 2241
113 1090
113 8
113 105
113 0
113 0
113 0
113 0
113 2
113 118
114 3337
114 209
114 699
114 0
114 0
114 129
114 0
114 0
114 1313
114 18
114 0
114 0
114 1283
114 2993
114 0
114 248
114 113
114 212
114 0
114 229
114 0
114 617
114 98
114 0
114 608
114 1180
114 113
114 2432
114 2257
114 2
114 0
114 1
114 1
114 2
114 2
114 0
114 6
114 103
114 526
114 415
114 292
114 0
114 1
114 553
114 104
114 2916
114 152
114 2
114 1
114 6
115 0
115 4
115 797
115 6
115 218
115 0
115 0
115 121
115 351
115 0
115 3148
115 4
115 0
115 206
115 0
115 0
115 2
115 130
115 510
115 0
115 6
115 367
115 0
115 109
115 0
115 0
115 400
115 0
115 121
115 578
115 18
115 1
115 808
115 204
115 0
115 0
115 0
115 0
115 0
115 3453
115 0
115 220
115 6
115 116
115 250
115 0
115 0
115 0
115 0
115 109
116 2953
116 10
116 484
116 0
116 119
116 0
116 1038
116 131
116 0
116 2
116 2
116 304
116 8
116 0
116 16
116 1211
116 0
116 354
116 208
116 2
116 220
116 122
116 0
116 0
116 339
116 0
116 471
116 123
116 128
116 0
116 2
116 0
116 8
116 0
116 1193
116 0
116 3
116 6
116 0
116 0
116 0
116 651
116 106
116 2
116 648
116 2
116 102
116 2
116 0
116 2
117 0
117 2
117 2
117 0
117 0
117 0
117 0
117 101
117 107
117 109
117 421
117 1942
117 102
117 108
117 0
117 0
117 6
117 129
117 6
117 719
117 2076
117 99
117 241
117 12
117 111
117 2
117 0
117 2
117 2
117 0
117 0
117 828
117 120
117 127
117 3
117 1246
117 0
117 111
117 2
117 1216
117 6
117 2
117 827
117 0
117 0
117 0
117 2
117 0
117 0
117 0
118 0
118 3995
118 0
118 4
118 6
118 196
118 892
118 6
118 0
118 0
118 547
118 1073
118 0
118 122
118 0
118 111
118 0
118 4400
118 0
118 0
118 2
118 0
118 4759
118 110
118 0
118 0
118 0
118 2135
118 2
118 0
118 247
118 1
118 2143
118 6
118 120
118 0
118 0
118 114
118 114
118 0
118 0
118 2
118 0
118 1415
118 101
118 2
118 0
118 2
118 0
118 2
119 2349
119 601
119 0
119 2
119 14
119 211
119 16
119 0
119 105
119 1283
119 1399
119 2
119 114
119 2
119 252
119 0
119 120
119 214
119 1811
119 3
119 4
119 2
119 0
119 3
119 6
119 0
119 0
119 0
119 6501
119 0
119 0
119 209
119 0
119 0
119 0
119 0
119 0
119 0
119 0
119 462
119 10
119 0
119 207
119 2420
119 6
119 0
119 2501
119 109
119 109
119 10
120 2
120 2659
120 113
120 0
120 4
120 90
120 332
120 110
120 544
120 109
120 220
120 0
120 98
120 0
120 619
120 232
120 0
120 6
120 2380
120 598
120 0
120 3
120 0
120 0
120 0
120 2741
120 2
120 110
120 0
120 3
120 1829
120 550
120 1333
120 0
120 117
120 0
120 1982
120 0
120 789
120 1757
120 125
120 2967
120 2
120 2
120 0
120 0
120 0
120 0
120 3
120 109
121 3160
121 102
121 1437
121 0
121 0
121 327
121 111
121 0
121 111
121 0
121 861
121 2
121 1334
121 1
121 1876
121 3
121 2
121 0
121 104
121 3397
121 0
121 3
121 3816
121 0
121 2073
121 0
121 242
121 4110
121 5726
121 0
121 6
121 108
121 2
121 0
121 2727
121 101
121 3
121 3
121 0
121 0
121 1166
121 3
121 3
121 6
121 2
121 2
121 3
121 0
121 319
121 2296
122 3602
122 0
122 16
122 0
122 0
122 1
122 0
122 123
122 532
122 2943
122 0
122 0
122 0
122 0
122 943
122 107
122 535
122 2
122 0
122 0
122 2423
122 3
122 6
122 3456
122 348
122 0
122 0
122 0
122 4
122 6
122 18
122 118
122 2
122 0
122 12
122 4350
122 0
122 14
122 18
122 18
122 0
122 0
122 0
122 2
122 8
122 3
122 4149
122 0
122 0
122 0
123 3091
123 446
123 224
123 96
123 2530
123 3024
123 0
123 0
123 354
123 3909
123 115
123 0
123 0
123 0
123 0
123 0
123 0
123 549
123 2877
123 0
123 3008
123 3
123 0
123 601
123 2349
123 0
123 8
123 1
123 0
123 120
123 0
123 110
123 782
123 0
123 0
123 4
123 0
123 10
123 0
123 2
123 0
123 1447
123 0
123 3701
123 115
123 0
123 14
123 119
123 2
123 0
124 2
124 0
124 0
124 2
124 0
124 2
124 119
124 1200
124 570
124 111
124 410
124 0
124 2
124 0
124 4
124 0
124 2
124 0
124 954
124 0
124 2553
124 1121
124 0
124 2
124 26
124 18
124 2
124 6
124 2681
124 104
124 0
124 2
124 2
124 135
124 109
124 2
124 6
124 0
124 4
124 0
124 0
124 222
124 4
124 0
124 3
124 0
124 2
124 0
124 109
124 4
125 3264
125 1
125 101
125 0
125 0
125 2743
125 120
125 0
125 1
125 121
125 3
125 4038
125 3338
125 18
125 0
125 1
125 4
125 2
125 0
125 0
125 3
125 0
125 0
125 2
125 114
125 0
125 121
125 1107
125 101
125 97
125 0
125 0
125 1067
125 0
125 0
125 105
125 2
125 2
125 3245
125 1504
125 2
125 4
125 0
125 0
125 4
125 0
125 0
125 0
125 1653
125 0
126 778
126 1260
126 10
126 3329
126 0
126 0
126 8
126 207
126 732
126 111
126 18
126 0
126 2341
126 8
126 0
126 0
126 0
126 0
126 0
126 548
126 18
126 0
126 0
126 219
126 556
126 0
126 2202
126 0
126 958
126 2
126 2836
126 351
126 252
126 0
126 2
126 119
126 0
126 0
126 2
126 2
126 0
126 0
126 0
126 0
126 6
126 0
126 318
126 3
126 10
126 0
127 0
127 0
127 2
127 0
127 0
127 10
127 0
127 0
127 115
127 115
127 4
127 121
127 0
127 3
127 2
127 324
127 6
127 139
127 0
127 0
127 1
127 0
127 204
127 1802
127 1776
127 0
127 2160
127 93
127 0
127 2
127 0
127 223
127 0
127 0
127 0
127 14
127 1445
127 2
127 0
127 465
127 0
127 0
127 936
127 0
127 3506
127 0
127 0
127 6
127 522
127 0
128 2738
128 2
128 0
128 12
128 919
128 0
128 6
128 1346
128 3877
128 127
128 0
128 4427
128 0
128 0
128 476
128 0
128 2
128 0
128 0
128 1550
128 1
128 0
128 1975
128 107
128 0
128 117
128 350
128 0
128 0
128 4921
128 249
128 808
128 0
128 0
128 0
128 0
128 3
128 22
128 14
128 119
128 4
128 0
128 6
128 6
128 6
128 223
128 0
128 0
128 0
128 3803
129 2900
129 141
129 866
129 0
129 0
129 1919
129 0
129 0
129 0
129 1658
129 0
129 0
129 0
129 3
129 367
129 0
129 685
129 1230
129 3
129 3
129 3478
129 5434
129 0
129 4
129 5939
129 547
129 0
129 105
129 109
129 1145
129 0
129 2
129 135
129 218
129 2116
129 2
129 335
129 4400
129 0
129 230
129 476
129 725
129 472
129 0
129 6
129 2
129 3638
129 2
129 3
129 413
130 1
130 2
130 5574
130 0
130 2
130 0
130 6
130 4843
130 0
130 0
130 6
130 2
130 3737
130 4
130 2371
130 3
130 6008
130 3
130 4
130 1016
130 20
130 0
130 4
130 2
130 6
130 0
130 3
130 2
130 0
130 0
130 4
130 5
130 4909
130 113
130 0
130 6
130 0
130 113
130 0
130 325
130 0
130 8
130 0
130 14
130 0
130 552
130 0
130 6
130 8
130 2
131 0
131 2
131 0
131 0
131 150
131 95
131 0
131 4
131 105
131 3
131 0
131 4
131 116
131 0
131 101
131 4718
131 0
131 549
131 0
131 4367
131 3953
131 0
131 0
131 0
131 6179
131 1736
131 3668
131 0
131 10
131 3826
131 12
131 4
131 14
131 6
131 3
131 4216
131 2
131 0
131 0
131 115
131 0
131 6655
131 20
131 781
131 12
131 0
131 0
131 0
131 129
131 122
132 1328
132 0
132 2
132 3
132 0
132 0
132 0
132 2
132 1
132 0
132 0
132 1
132 5043
132 4
132 2
132 0
132 0
132 0
132 2
132 117
132 14
132 926
132 1140
132 1
132 0
132 0
132 6
132 138
132 6
132 6
132 0
132 0
132 6640
132 0
132 2021
132 3
132 5812
132 8
132 4
132 102
132 0
132 2
132 3529
132 0
132 3
132 3147
132 2222
132 759
132 131
132 4
133 2
133 1
133 0
133 6
133 2
133 0
133 2
133 0
133 0
133 0
133 2
133 0
133 2
133 0
133 0
133 0
133 0
133 107
133 121
133 0
133 4
133 2
133 0
133 0
133 0
133 4
133 0
133 0
133 0
133 26
133 0
133 0
133 716
133 0
133 0
133 4
133 2
133 0
133 6
133 4816
133 0
133 1
133 3472
133 3473
133 101
133 1
133 122
133 6
133 0
133 0
134 0
134 3
134 111
134 0
134 0
134 0
134 6
134 0
134 8
134 0
134 3
134 133
134 1323
134 0
134 16
134 0
134 3772
134 3
134 2
134 1
134 5013
134 7
134 2978
134 14
134 0
134 2839
134 0
134 2
134 1682
134 2
134 0
134 0
134 0
134 3
134 2
134 373
134 2
134 0
134 0
134 0
134 2
134 0
134 0
134 1800
134 1961
134 0
134 0
134 1584
134 2
134 1
135 0
135 4
135 0
135 2
135 0
135 0
135 0
135 3
135 0
135 5
135 2
135 244
135 2
135 0
135 4
135 2
135 6
135 2514
135 0
135 0
135 0
135 2
135 0
135 0
135 10
135 2
135 6537
135 0
135 3856
135 16
135 0
135 0
135 8
135 3
135 107
135 8
135 2
135 0
135 0
135 6
135 0
135 0
135 115
135 4
135 1
135 2532
135 6733
135 0
135 331
135 1
136 0
136 0
136 0
136 8
136 2
136 2295
136 10
136 0
136 103
136 0
136 0
136 98
136 0
136 0
136 2
136 0
136 107
136 8
136 862
136 0
136 0
136 0
136 5333
136 3
136 6
136 125
136 4
136 2
136 0
136 1
136 0
136 12
136 2
136 0
136 1
136 1630
136 6
136 0
136 0
136 0
136 0
136 3291
136 1
136 0
136 0
136 0
136 1
136 1
136 0
136 0
137 0
137 0
137 2
137 4
137 0
137 103
137 6511
137 115
137 118
137 4
137 4
137 0
137 0
137 0
137 120
137 10
137 122
137 0
137 0
137 2
137 0
137 10
137 201
137 2164
137 333
137 0
137 0
137 0
137 113
137 0
137 0
137 2563
137 0
137 0
137 14
137 14
137 0
137 0
137 0
137 20
137 0
137 129
137 0
137 1218
137 202
137 6
137 0
137 109
137 0
137 488
138 3318
138 0
138 0
138 0
138 6
138 0
138 4
138 0
138 125
138 446
138 0
138 0
138 0
138 109
138 0
138 3
138 0
138 0
138 105
138 0
138 852
138 558
138 0
138 0
138 0
138 0
138 3267
138 12
138 0
138 0
138 314
138 3
138 0
138 0
138 108
138 0
138 0
138 6
138 0
138 0
138 104
138 12
138 0
138 0
138 0
138 0
138 118
138 0
138 103
138 105
139 6197
139 0
139 2
139 0
139 6
139 0
139 0
139 0
139 0
139 0
139 2
139 1
139 115
139 14
139 1278
139 0
139 0
139 2
139 111
139 118
139 0
139 4
139 0
139 3
139 6
139 131
139 113
139 0
139 0
139 2
139 830
139 0
139 6
139 216
139 20
139 0
139 0
139 0
139 112
139 0
139 0
139 2
139 103
139 1
139 116
139 3
139 3
139 1
139 3
139 16
140 803
140 113
140 2
140 0
140 879
140 0
140 715
140 18
140 8
140 8
140 1787
140 0
140 3
140 5
140 0
140 6
140 6
140 2
140 117
140 101
140 0
140 10
140 2
140 0
140 0
140 114
140 0
140 103
140 0
140 16
140 511
140 695
140 8
140 2
140 0
140 0
140 0
140 14
140 0
140 8
140 0
140 845
140 0
140 104
140 1
140 2
140 6
140 2
140 4
140 107
141 1069
141 2
141 2
141 4444
141 1912
141 0
141 0
141 0
141 103
141 14
141 4
141 19
141 2
141 0
141 0
141 906
141 450
141 0
141 0
141 4
141 1118
141 2
141 108
141 0
141 0
141 0
141 0
141 0
141 0
141 0
141 596
141 0
141 5009
141 2
141 119
141 0
141 0
141 0
141 5940
141 4
141 3
141 2186
141 6
141 0
141 10
141 0
141 0
141 0
141 8
141 103
142 4311
142 0
142 0
142 0
142 0
142 10
142 8
142 6
142 2994
142 0
142 4
142 0
142 0
142 108
142 105
142 127
142 0
142 6
142 252
142 4437
142 8
142 4
142 2
142 2495
142 4908
142 3468
142 0
142 0
142 3758
142 1951
142 1657
142 0
142 0
142 0
142 122
142 661
142 0
142 0
142 6
142 12
142 0
142 0
142 261
142 0
142 0
142 0
142 2
142 208
142 6
142 0
143 1592
143 0
143 0
143 0
143 0
143 6
143 0
143 0
143 2
143 0
143 0
143 0
143 24
143 123
143 115
143 0
143 0
143 0
143 1550
143 2937
143 109
143 3577
143 0
143 8
143 0
143 2
143 100
143 717
143 0
143 216
143 4983
143 269
143 115
143 4
143 8
143 2
143 2
143 12
143 6
143 0
143 0
143 0
143 127
143 3952
143 0
143 0
143 0
143 6
143 2030
143 0
144 4967
144 0
144 1
144 4778
144 0
144 0
144 0
144 14
144 326
144 18
144 113
144 114
144 1947
144 214
144 2
144 1552
144 121
144 0
144 0
144 8
144 0
144 2
144 2
144 0
144 0
144 0
144 0
144 3812
144 0
144 2
144 3
144 4
144 14
144 2
144 8
144 2
144 936
144 0
144 0
144 0
144 0
144 18
144 0
144 8
144 3223
144 0
144 3689
144 313
144 123
144 115
145 3323
145 350
145 2
145 3
145 0
145 1588
145 0
145 576
145 2
145 2
145 4
145 105
145 8
145 282
145 8
145 3656
145 0
145 0
145 1846
145 110
145 0
145 0
145 0
145 4
145 0
145 219
145 133
145 0
145 0
145 103
145 0
145 0
145 0
145 6
145 0
145 4
145 0
145 0
145 0
145 3154
145 2
145 215
145 0
145 4013
145 0
145 2
145 127
145 0
145 0
145 2393
146 4008
146 2
146 3481
146 0
146 785
146 0
146 0
146 0
146 115
146 0
146 10
146 0
146 2653
146 0
146 0
146 0
146 3705
146 0
146 2
146 0
146 1083
146 4
146 0
146 0
146 0
146 0
146 1581
146 24
146 129
146 2
146 0
146 149
146 0
146 0
146 0
146 0
146 566
146 2
146 0
146 0
146 0
146 3066
146 6
146 8
146 4
146 274
146 0
146 2
146 8
146 0
147 0
147 0
147 2
147 488
147 8
147 0
147 2
147 8
147 582
147 113
147 566
147 1932
147 3
147 0
147 0
147 0
147 0
147 3568
147 0
147 122
147 0
147 3001
147 229
147 0
147 484
147 0
147 8
147 0
147 0
147 2
147 125
147 0
147 2
147 2
147 0
147 3823
147 3
147 0
147 3026
147 3
147 0
147 591
147 16
147 0
147 127
147 14
147 0
147 0
147 2833
147 5645
148 0
148 0
148 8
148 119
148 2
148 0
148 0
148 0
148 2662
148 0
148 2
148 1806
148 0
148 0
148 1
148 4782
148 153
148 0
148 2835
148 0
148 2
148 0
148 1
148 3
148 1979
148 117
148 0
148 121
148 0
148 0
148 1675
148 230
148 1713
148 0
148 5
148 2
148 3
148 485
148 131
148 0
148 0
148 0
148 2784
148 0
148 0
148 0
148 1354
148 0
148 0
148 0
149 5213
149 0
149 109
149 2
149 1286
149 0
149 129
149 2
149 3148
149 2016
149 4
149 0
149 4287
149 0
149 0
149 0
149 3348
149 0
149 14
149 0
149 1404
149 0
149 2
149 358
149 142
149 1
149 3619
149 2
149 0
149 675
149 1018
149 0
149 769
149 0
149 0
149 0
149 0
149 1
149 361
149 0
149 2
149 2014
149 2
149 128
149 96
149 219
149 120
149 8
149 128
149 112
150 2472
150 2513
150 215
150 108
150 0
150 683
150 10
150 0
150 0
150 0
150 0
150 12
150 0
150 6
150 0
150 4770
150 6
150 0
150 2
150 0
150 0
150 7235
150 3071
150 4
150 0
150 0
150 3303
150 0
150 22
150 0
150 236
150 0
150 0
150 0
150 2
150 0
150 4
150 3226
150 0
150 389
150 0
150 703
150 2
150 340
150 3
150 113
150 115
150 261
150 0
150 2866
151 3013
151 0
151 0
151 0
151 2
151 1433
151 1
151 0
151 4
151 2290
151 0
151 0
151 0
151 3901
151 557
151 3566
151 0
151 2
151 1380
151 3
151 2876
151 2674
151 17
151 4
151 2682
151 0
151 0
151 3678
151 2
151 18
151 105
151 0
151 1
151 0
151 2
151 0
151 6
151 883
151 103
151 2
151 0
151 1242
151 3
151 2589
151 0
151 105
151 3984
151 127
151 2
151 109
152 3906
152 475
152 0
152 0
152 0
152 0
152 0
152 607
152 377
152 2
152 2
152 0
152 1705
152 0
152 0
152 0
152 222
152 1855
152 12
152 4235
152 0
152 6
152 3
152 8
152 0
152 102
152 0
152 5929
152 1571
152 2313
152 360
152 2898
152 981
152 1271
152 16
152 0
152 2
152 0
152 0
152 0
152 2
152 0
152 0
152 3085
152 0
152 0
152 0
152 8
152 0
152 0
153 2778
153 0
153 4
153 0
153 0
153 12
153 0
153 0
153 0
153 0
153 0
153 2
153 0
153 103
153 0
153 0
153 3
153 6
153 18
153 4355
153 3539
153 0
153 0
153 0
153 0
153 2673
153 119
153 2277
153 4496
153 235
153 0
153 431
153 101
153 2
153 0
153 3
153 0
153 111
153 0
153 0
153 2
153 0
153 0
153 0
153 0
153 0
153 0
153 6
153 0
153 0
154 3552
154 4
154 882
154 2
154 6
154 0
154 0
154 6
154 0
154 0
154 605
154 0
154 0
154 4471
154 101
154 0
154 2
154 2144
154 0
154 0
154 0
154 6
154 377
154 2263
154 0
154 0
154 0
154 0
154 0
154 0
154 817
154 5
154 106
154 6
154 2042
154 3
154 3
154 10
154 4
154 109
154 127
154 216
154 8
154 3
154 3
154 346
154 2
154 0
154 0
154 119
155 0
155 0
155 0
155 2
155 0
155 0
155 3636
155 0
155 14
155 0
155 3211
155 105
155 6
155 0
155 0
155 1
155 6
155 3
155 0
155 0
155 0
155 219
155 0
155 220
155 4
155 250
155 116
155 590
155 0
155 0
155 4
155 0
155 0
155 0
155 6
155 709
155 1082
155 1144
155 1746
155 107
155 0
155 0
155 0
155 218
155 0
155 0
155 0
155 6
155 93
155 4
156 0
156 2
156 0
156 105
156 376
156 3116
156 234
156 0
156 1
156 0
156 127
156 224
156 3697
156 0
156 0
156 0
156 3
156 119
156 796
156 0
156 202
156 4074
156 0
156 109
156 1007
156 2687
156 109
156 6
156 0
156 113
156 2
156 2
156 6
156 2
156 8
156 3708
156 3
156 2
156 0
156 1205
156 665
156 2
156 0
156 6
156 127
156 0
156 0
156 0
156 2
156 4
157 0
157 930
157 0
157 3991
157 18
157 6
157 3343
157 2
157 0
157 2104
157 0
157 0
157 2
157 0
157 6
157 0
157 2483
157 0
157 0
157 3611
157 193
157 0
157 0
157 0
157 220
157 2
157 0
157 113
157 117
157 105
157 0
157 125
157 3038
157 6
157 0
157 236
157 2
157 107
157 617
157 0
157 2227
157 2
157 775
157 0
157 110
157 129
157 1539
157 105
157 0
157 995
158 4160
158 0
158 620
158 310
158 111
158 0
158 2566
158 0
158 262
158 117
158 4
158 2
158 2
158 0
158 8
158 0
158 0
158 3761
158 0
158 0
158 3
158 222
158 16
158 0
158 2671
158 356
158 4416
158 8
158 0
158 3
158 0
158 587
158 0
158 739
158 16
158 0
158 0
158 0
158 8
158 0
158 1102
158 0
158 0
158 3336
158 0
158 0
158 0
158 0
158 0
158 268
159 0
159 0
159 2
159 0
159 0
159 231
159 108
159 0
159 0
159 10
159 307
159 252
159 2002
159 0
159 2157
159 3
159 6
159 494
159 2
159 0
159 2184
159 2214
159 113
159 0
159 0
159 6
159 935
159 5290
159 0
159 2
159 12
159 0
159 113
159 110
159 3481
159 6
159 2347
159 4
159 0
159 6
159 0
159 0
159 4
159 2
159 2
159 0
159 0
159 0
159 1
159 0
160 1753
160 2
160 0
160 0
160 0
160 0
160 0
160 2
160 3
160 558
160 0
160 3551
160 444
160 577
160 2
160 0
160 121
160 117
160 0
160 1
160 105
160 6
160 3311
160 0
160 2
160 117
160 0
160 0
160 2646
160 104
160 0
160 0
160 0
160 108
160 0
160 0
160 0
160 0
160 673
160 2046
160 709
160 2962
160 12
160 0
160 115
160 496
160 0
160 0
160 228
160 2
161 0
161 6
161 0
161 125
161 111
161 6
161 0
161 709
161 0
161 117
161 218
161 560
161 222
161 218
161 0
161 0
161 0
161 0
161 8
161 2581
161 127
161 0
161 2
161 2141
161 10
161 0
161 3262
161 0
161 937
161 1095
161 3359
161 0
161 3
161 0
161 214
161 1735
161 4
161 4
161 1
161 3
161 2
161 4
161 3018
161 6
161 4
161 3
161 3
161 116
161 0
161 218
162 0
162 0
162 0
162 3
162 4358
162 2
162 4
162 0
162 3402
162 2
162 0
162 340
162 0
162 0
162 503
162 0
162 0
162 113
162 578
162 0
162 2
162 4841
162 16
162 8
162 4
162 2
162 0
162 0
162 0
162 4
162 3135
162 0
162 4
162 0
162 323
162 0
162 0
162 2
162 0
162 2262
162 669
162 0
162 0
162 0
162 2
162 2684
162 12
162 0
162 119
162 0
163 0
163 1620
163 7196
163 2
163 4
163 0
163 121
163 0
163 0
163 97
163 1
163 3
163 0
163 2
163 0
163 2
163 109
163 1
163 0
163 4
163 96
163 478
163 3034
163 0
163 1
163 1300
163 7
163 0
163 0
163 0
163 0
163 4
163 5
163 12
163 0
163 3684
163 2850
163 2
163 815
163 228
163 2
163 0
163 3
163 414
163 0
163 808
163 4
163 3601
163 6
163 2
164 5277
164 0
164 0
164 0
164 0
164 14
164 470
164 965
164 1235
164 6
164 0
164 0
164 1491
164 0
164 1
164 347
164 0
164 0
164 1
164 6
164 0
164 2632
164 28
164 0
164 0
164 2
164 0
164 116
164 4263
164 261
164 5522
164 1
164 4
164 237
164 120
164 3
164 6
164 0
164 0
164 2
164 0
164 1268
164 808
164 1
164 0
164 0
164 8
164 0
164 320
164 614
165 508
165 0
165 0
165 864
165 1259
165 120
165 113
165 0
165 2
165 3072
165 99
165 3575
165 119
165 0
165 2
165 109
165 18
165 122
165 125
165 320
165 3872
165 351
165 2
165 0
165 0
165 0
165 0
165 0
165 648
165 0
165 428
165 6
165 0
165 0
165 0
165 2409
165 117
165 2
165 6
165 2
165 5363
165 110
165 3710
165 0
165 0
165 108
165 0
165 4
165 0
165 215
166 3880
166 0
166 2986
166 0
166 3
166 0
166 0
166 0
166 99
166 0
166 2
166 700
166 6817
166 1852
166 101
166 0
166 12
166 0
166 594
166 2729
166 0
166 0
166 5146
166 0
166 3
166 18
166 469
166 0
166 10
166 8
166 0
166 0
166 2
166 3371
166 2
166 0
166 3
166 718
166 0
166 0
166 0
166 3
166 0
166 0
166 0
166 260
166 0
166 0
166 0
166 0
167 0
167 8
167 2851
167 0
167 0
167 103
167 111
167 0
167 1177
167 2034
167 2
167 4455
167 0
167 6
167 2
167 253
167 0
167 228
167 0
167 6
167 3721
167 0
167 0
167 0
167 6
167 0
167 0
167 4
167 0
167 2992
167 0
167 2696
167 434
167 0
167 0
167 2
167 3294
167 101
167 0
167 0
167 2
167 0
167 2
167 8
167 2
167 1430
167 0
167 2
167 2
167 0
168 2355
168 6
168 2
168 0
168 3
168 638
168 1
168 4482
168 111
168 2
168 16
168 0
168 0
168 1857
168 0
168 22
168 121
168 0
168 0
168 293
168 129
168 585
168 684
168 0
168 117
168 119
168 6
168 0
168 3
168 6564
168 0
168 0
168 3
168 2
168 18
168 0
168 0
168 679
168 0
168 0
168 0
168 111
168 0
168 3
168 122
168 0
168 0
168 2
168 0
168 6
169 6046
169 116
169 1958
169 2
169 2
169 238
169 6
169 3871
169 0
169 123
169 2573
169 0
169 2133
169 1142
169 434
169 530
169 1
169 6
169 754
169 1
169 0
169 0
169 0
169 0
169 0
169 18
169 4
169 4454
169 4
169 3
169 3651
169 0
169 16
169 4350
169 206
169 3
169 3409
169 105
169 4561
169 121
169 1154
169 2
169 0
169 3292
169 0
169 2
169 2
169 8
169 0
169 4
170 3647
170 115
170 0
170 0
170 336
170 3824
170 900
170 0
170 0
170 112
170 99
170 6
170 2
170 0
170 0
170 240
170 0
170 2
170 8
170 764
170 0
170 1
170 0
170 2
170 3125
170 0
170 127
170 113
170 2
170 576
170 2260
170 0
170 3
170 0
170 0
170 182
170 6
170 0
170 0
170 117
170 1653
170 3314
170 1
170 4255
170 0
170 2
170 3132
170 0
170 4939
170 0
171 5831
171 204
171 0
171 0
171 4
171 4252
171 2570
171 0
171 111
171 5184
171 1979
171 218
171 6421
171 2
171 6
171 0
171 0
171 0
171 994
171 1395
171 216
171 0
171 0
171 6565
171 0
171 2200
171 0
171 345
171 1074
171 356
171 7887
171 0
171 243
171 3
171 4
171 0
171 5096
171 0
171 1
171 791
171 0
171 0
171 812
171 2213
171 0
171 119
171 103
171 6
171 0
171 3
172 14
172 0
172 2
172 8
172 0
172 2
172 1048
172 2
172 10
172 2
172 0
172 0
172 108
172 12
172 0
172 344
172 6
172 1
172 583
172 2
172 1666
172 3
172 106
172 117
172 2
172 4179
172 6694
172 2
172 18
172 1
172 0
172 1888
172 0
172 6
172 3600
172 2
172 370
172 0
172 30
172 0
172 0
172 2
172 6120
172 0
172 3
172 114
172 0
172 1132
172 0
172 111
173 0
173 2
173 115
173 6
173 0
173 1173
173 0
173 100
173 0
173 0
173 2
173 0
173 1596
173 3
173 6
173 106
173 6
173 3180
173 0
173 8
173 0
173 0
173 2
173 18
173 6311
173 3129
173 2
173 5627
173 6018
173 4524
173 6
173 0
173 0
173 108
173 113
173 121
173 3770
173 4837
173 2
173 5
173 2269
173 116
173 0
173 0
173 327
173 0
173 0
173 937
173 2
173 228
174 0
174 3661
174 0
174 2
174 1
174 0
174 0
174 1784
174 100
174 119
174 117
174 0
174 0
174 220
174 0
174 1211
174 2
174 0
174 4
174 0
174 0
174 3
174 10
174 2
174 1006
174 2
174 133
174 0
174 6
174 8
174 0
174 395
174 0
174 0
174 103
174 22
174 6
174 3
174 0
174 0
174 0
174 0
174 115
174 0
174 1
174 129
174 3942
174 789
174 0
174 0
175 2077
175 5977
175 0
175 0
175 216
175 3044
175 2
175 107
175 2
175 0
175 233
175 0
175 0
175 0
175 0
175 0
175 6
175 0
175 0
175 4
175 0
175 121
175 0
175 122
175 0
175 2
175 0
175 0
175 3
175 0
175 1
175 0
175 2435
175 0
175 0
175 0
175 0
175 26
175 103
175 532
175 0
175 97
175 2
175 0
175 0
175 141
175 6
175 0
175 0
175 104
176 1370
176 3147
176 0
176 0
176 0
176 0
176 1
176 4
176 987
176 3115
176 5953
176 0
176 0
176 0
176 0
176 0
176 0
176 0
176 0
176 2
176 0
176 131
176 2
176 107
176 5
176 1730
176 0
176 6374
176 4
176 2
176 0
176 95
176 0
176 0
176 2
176 0
176 0
176 4
176 0
176 0
176 0
176 0
176 6
176 127
176 0
176 0
176 109
176 0
176 2
176 0
177 2
177 4
177 0
177 345
177 1
177 118
177 0
177 2
177 0
177 0
177 0
177 0
177 0
177 0
177 0
177 0
177 2
177 0
177 8
177 0
177 0
177 115
177 0
177 0
177 14
177 0
177 29
177 2
177 0
177 0
177 2
177 0
177 218
177 480
177 121
177 113
177 10
177 127
177 2227
177 654
177 0
177 96
177 6
177 0
177 0
177 0
177 109
177 0
177 1831
177 0
178 0
178 0
178 119
178 12
178 0
178 10
178 0
178 1010
178 246
178 0
178 0
178 114
178 2
178 198
178 105
178 0
178 2145
178 98
178 6985
178 2441
178 198
178 2504
178 0
178 344
178 0
178 2
178 0
178 0
178 0
178 0
178 0
178 0
178 3830
178 0
178 2109
178 7205
178 121
178 115
178 3
178 0
178 0
178 0
178 117
178 6
178 0
178 0
178 0
178 28
178 1
178 0
179 5680
179 0
179 203
179 0
179 6
179 1563
179 0
179 4700
179 105
179 0
179 4782
179 1351
179 0
179 711
179 0
179 8
179 0
179 4005
179 10
179 3980
179 2
179 0
179 2783
179 0
179 0
179 0
179 5307
179 0
179 780
179 0
179 0
179 270
179 0
179 1036
179 0
179 5689
179 0
179 14
179 4
179 129
179 0
179 97
179 4954
179 0
179 0
179 4
179 0
179 6
179 3074
179 2805
180 4713
180 208
180 1
180 2
180 153
180 0
180 5494
180 0
180 3
180 0
180 2993
180 2
180 8
180 0
180 2
180 0
180 1111
180 328
180 0
180 127
180 6
180 0
180 4159
180 189
180 3
180 2295
180 20
180 2
180 2
180 2
180 0
180 135
180 12
180 2863
180 0
180 5704
180 545
180 0
180 3430
180 114
180 4708
180 112
180 0
180 18
180 2517
180 125
180 232
180 0
180 4
180 0
181 0
181 2
181 2
181 119
181 6532
181 456
181 0
181 0
181 1
181 2
181 0
181 125
181 0
181 1
181 330
181 100
181 0
181 0
181 3
181 917
181 0
181 0
181 0
181 452
181 1285
181 3872
181 0
181 4
181 4116
181 3913
181 0
181 117
181 0
181 1777
181 99
181 0
181 116
181 0
181 1
181 2
181 2995
181 0
181 0
181 10
181 0
181 0
181 0
181 0
181 2
181 96
182 7311
182 109
182 18
182 3
182 2
182 106
182 262
182 2
182 7049
182 1
182 0
182 0
182 0
182 697
182 2
182 3
182 0
182 0
182 0
182 1193
182 2
182 2088
182 101
182 2517
182 0
182 0
182 1
182 1851
182 0
182 0
182 118
182 0
182 0
182 695
182 2
182 2
182 0
182 8
182 3
182 951
182 3300
182 2
182 2
182 584
182 2
182 2
182 0
182 2
182 0
182 1228
183 0
183 8
183 1761
183 543
183 0
183 1347
183 0
183 0
183 0
183 0
183 147
183 0
183 3
183 0
183 512
183 4
183 2
183 98
183 2
183 4
183 8
183 0
183 2582
183 2
183 0
183 1
183 2
183 6204
183 0
183 0
183 10
183 2
183 1165
183 2
183 0
183 4
183 2840
183 1346
183 0
183 0
183 113
183 2667
183 0
183 1170
183 3764
183 2
183 18
183 0
183 696
183 444
184 0
184 0
184 2
184 1
184 1824
184 3136
184 2
184 0
184 122
184 0
184 0
184 0
184 0
184 125
184 12
184 1915
184 0
184 555
184 111
184 3607
184 1240
184 2
184 0
184 0
184 6
184 523
184 1335
184 0
184 3904
184 0
184 2
184 2
184 1056
184 0
184 1415
184 0
184 487
184 925
184 109
184 2452
184 0
184 849
184 97
184 2
184 325
184 4274
184 0
184 0
184 669
184 0
185 1689
185 6231
185 5091
185 0
185 4101
185 0
185 0
185 4
185 3
185 0
185 1750
185 0
185 3
185 0
185 2849
185 0
185 1765
185 1410
185 6
185 0
185 0
185 680
185 129
185 360
185 107
185 0
185 2
185 1297
185 4
185 0
185 0
185 0
185 0
185 114
185 2702
185 0
185 0
185 6
185 2
185 2244
185 3
185 0
185 3
185 213
185 0
185 0
185 10
185 1948
185 8
185 2
186 2718
186 4
186 0
186 0
186 8
186 3027
186 2559
186 0
186 1095
186 1758
186 6
186 8
186 2852
186 252
186 18
186 215
186 0
186 0
186 3
186 1532
186 0
186 942
186 0
186 16
186 3822
186 721
186 3
186 3435
186 3724
186 3
186 0
186 0
186 2
186 0
186 212
186 1636
186 368
186 2
186 0
186 111
186 0
186 8
186 1302
186 5345
186 3
186 6
186 1507
186 2008
186 0
186 0
187 0
187 0
187 6
187 1601
187 1820
187 0
187 0
187 0
187 2
187 0
187 1776
187 0
187 0
187 2162
187 347
187 0
187 0
187 0
187 129
187 0
187 553
187 2
187 610
187 102
187 2785
187 3926
187 6
187 1
187 0
187 4634
187 0
187 560
187 0
187 3
187 2
187 0
187 105
187 3298
187 6
187 2160
187 4
187 2711
187 3891
187 228
187 101
187 2103
187 6
187 3627
187 226
187 1465
188 2839
188 2540
188 0
188 0
188 0
188 2
188 6
188 2957
188 14
188 427
188 0
188 0
188 0
188 10
188 1212
188 2
188 1771
188 1616
188 113
188 0
188 0
188 0
188 107
188 2
188 1538
188 2014
188 0
188 125
188 115
188 0
188 4206
188 438
188 0
188 2
188 2
188 2415
188 5
188 2796
188 0
188 0
188 0
188 1
188 2
188 2
188 110
188 3
188 0
188 3972
188 0
188 0
189 1404
189 3
189 838
189 766
189 120
189 0
189 0
189 3377
189 1369
189 361
189 0
189 0
189 3
189 0
189 272
189 0
189 3755
189 1026
189 4282
189 3
189 610
189 9
189 333
189 3936
189 4
189 0
189 0
189 3313
189 0
189 8
189 3340
189 2411
189 0
189 0
189 0
189 1001
189 0
189 105
189 853
189 2458
189 3197
189 2089
189 2297
189 0
189 2821
189 105
189 1953
189 3130
189 218
189 0
190 1313
190 0
190 2400
190 1
190 1151
190 1429
190 121
190 3
190 2
190 1623
190 2997
190 0
190 12
190 3618
190 0
190 206
190 2
190 0
190 2
190 0
190 2355
190 2
190 3202
190 1009
190 116
190 0
190 3
190 0
190 0
190 0
190 0
190 4911
190 3537
190 3720
190 2782
190 0
190 2
190 4
190 2
190 2558
190 2
190 0
190 240
190 1789
190 3
190 1847
190 0
190 1788
190 4610
190 0
191 4655
191 0
191 566
191 0
191 2189
191 0
191 0
191 1588
191 1892
191 6
191 331
191 3838
191 218
191 0
191 0
191 0
191 0
191 6
191 658
191 0
191 4
191 2055
191 0
191 0
191 0
191 2426
191 2450
191 103
191 2385
191 2606
191 2
191 0
191 0
191 0
191 0
191 0
191 1692
191 212
191 1056
191 0
191 117
191 3603
191 2
191 6
191 205
191 3
191 572
191 0
191 0
191 880
192 1877
192 4
192 1
192 2534
192 3911
192 0
192 4
192 0
192 702
192 4824
192 0
192 109
192 115
192 445
192 108
192 2672
192 797
192 114
192 1282
192 1194
192 4444
192 113
192 1432
192 3
192 6
192 0
192 0
192 6
192 0
192 3832
192 4
192 0
192 237
192 6
192 944
192 0
192 0
192 2
192 3682
192 457
192 108
192 3
192 2
192 2928
192 0
192 1556
192 3184
192 4
192 122
192 567
193 1889
193 743
193 0
193 578
193 4345
193 2
193 1592
193 3
193 0
193 1823
193 0
193 2366
193 2
193 3112
193 4838
193 2014
193 18
193 0
193 113
193 0
193 109
193 3169
193 2
193 0
193 0
193 1916
193 877
193 2419
193 3320
193 2
193 1756
193 413
193 2667
193 2
193 0
193 3331
193 653
193 2
193 0
193 2
193 2719
193 4283
193 10
193 0
193 1
193 1
193 0
193 0
193 0
193 362
194 0
194 2522
194 3475
194 3156
194 0
194 2902
194 4933
194 0
194 571
194 0
194 0
194 3280
194 3288
194 2872
194 2
194 1
194 8
194 0
194 8
194 119
194 2476
194 0
194 98
194 0
194 734
194 0
194 4
194 0
194 807
194 3
194 3227
194 6
194 0
194 96
194 3967
194 4
194 2211
194 2903
194 0
194 0
194 0
194 465
194 0
194 2215
194 1392
194 99
194 0
194 619
194 2
194 450
195 4708
195 0
195 0
195 101
195 4628
195 2431
195 3380
195 0
195 0
195 250
195 1800
195 0
195 1631
195 591
195 2181
195 0
195 2625
195 0
195 3
195 821
195 6
195 2713
195 212
195 1
195 0
195 0
195 4
195 6
195 112
195 0
195 2
195 0
195 3
195 240
195 1720
195 2964
195 2300
195 0
195 0
195 0
195 4
195 256
195 0
195 0
195 0
195 5023
195 6
195 0
195 292
195 0
196 0
196 0
196 16
196 0
196 3694
196 2910
196 893
196 0
196 2091
196 0
196 2
196 3
196 0
196 374
196 113
196 121
196 2656
196 343
196 2
196 1
196 10
196 0
196 1616
196 8
196 0
196 1463
196 1113
196 236
196 4
196 535
196 1536
196 0
196 4419
196 3528
196 441
196 2
196 0
196 0
196 3508
196 1963
196 0
196 0
196 0
196 0
196 4
196 3291
196 0
196 0
196 0
196 0
197 26
197 4012
197 3223
197 3996
197 2462
197 3491
197 0
197 115
197 909
197 0
197 5109
197 5571
197 3
197 0
197 1
197 222
197 0
197 0
197 3
197 0
197 0
197 4561
197 0
197 4
197 2567
197 0
197 0
197 3
197 791
197 3
197 3737
197 2513
197 0
197 0
197 2312
197 10
197 3973
197 0
197 0
197 0
197 128
197 3256
197 4132
197 105
197 359
197 0
197 0
197 0
197 0
197 3
198 2969
198 0
198 373
198 112
198 0
198 579
198 1932
198 0
198 6
198 0
198 1023
198 0
198 863
198 0
198 2170
198 0
198 3
198 0
198 3
198 0
198 117
198 320
198 4
198 2
198 129
198 1
198 119
198 117
198 0
198 3350
198 122
198 8
198 2120
198 0
198 0
198 1208
198 1
198 2
198 0
198 2
198 112
198 0
198 0
198 1726
198 101
198 0
198 4308
198 105
198 0
198 8
199 2581
199 432
199 0
199 2060
199 200
199 0
199 2
199 0
199 0
199 1249
199 3820
199 6
199 121
199 122
199 0
199 542
199 0
199 6
199 0
199 403
199 12
199 2761
199 0
199 0
199 2
199 2
199 2
199 0
199 0
199 240
199 0
199 3432
199 109
199 0
199 4
199 2
199 121
199 221
199 121
199 102
199 666
199 451
199 0
199 2579
199 2
199 258
199 1618
199 115
199 1
199 0
200 2415
200 4151
200 0
200 99
200 1
200 0
200 0
200 111
200 462
200 0
200 6
200 2
200 217
200 0
200 0
200 0
200 223
200 0
200 930
200 4
200 1528
200 0
200 0
200 3
200 212
200 569
200 1703
200 0
200 591
200 2684
200 121
200 763
200 2
200 0
200 117
200 0
200 1845
200 1
200 2
200 4283
200 0
200 0
200 2671
200 0
200 1
200 467
200 4
200 0
200 0
200 536
