1 0
1 0
1 1
1 0
1 0
1 0
1 0
1 0
1 0
1 0
1 0
1 0
1 0
1 0
1 0
1 0
1 0
1 1
1 0
1 0
1 0
1 0
1 0
1 0
1 0
1 0
1 0
1 0
1 0
1 0
1 0
1 0
1 0
1 0
1 0
1 0
1 0
1 0
1 0
1 0
1 0
1 0
1 0
1 0
1 0
1 0
1 0
1 0
1 0
1 0
2 0
2 0
2 0
2 0
2 0
2 0
2 0
2 0
2 0
2 0
2 0
2 0
2 0
2 0
2 0
2 0
2 0
2 0
2 0
2 0
2 0
2 0
2 0
2 0
2 1
2 0
2 0
2 0
2 0
2 0
2 0
2 0
2 0
2 0
2 0
2 0
2 0
2 0
2 0
2 0
2 0
2 0
2 0
2 0
2 0
2 0
2 0
2 0
2 0
2 0
3 0
3 0
3 0
3 0
3 0
3 0
3 0
3 0
3 0
3 0
3 0
3 0
3 0
3 0
3 0
3 0
3 0
3 0
3 0
3 0
3 0
3 0
3 0
3 0
3 0
3 0
3 0
3 0
3 0
3 0
3 0
3 0
3 0
3 0
3 0
3 1
3 0
3 0
3 0
3 0
3 0
3 0
3 0
3 0
3 0
3 0
3 0
3 0
3 0
3 0
4 0
4 0
4 0
4 0
4 0
4 0
4 0
4 0
4 0
4 0
4 0
4 0
4 0
4 0
4 0
4 1
4 0
4 0
4 0
4 0
4 0
4 0
4 0
4 0
4 0
4 0
4 0
4 0
4 0
4 0
4 0
4 0
4 0
4 0
4 0
4 0
4 0
4 0
4 0
4 0
4 0
4 0
4 0
4 0
4 0
4 0
4 0
4 0
4 0
4 0
5 0
5 0
5 0
5 0
5 0
5 0
5 0
5 0
5 0
5 0
5 0
5 0
5 0
5 0
5 0
5 0
5 0
5 0
5 1
5 0
5 0
5 0
5 0
5 0
5 0
5 0
5 1
5 0
5 0
5 0
5 0
5 0
5 0
5 0
5 0
5 0
5 0
5 0
5 0
5 0
5 0
5 1
5 0
5 0
5 0
5 0
5 0
5 0
5 0
5 0
6 0
6 0
6 0
6 0
6 0
6 0
6 1
6 0
6 1
6 1
6 0
6 0
6 0
6 0
6 0
6 0
6 0
6 0
6 0
6 0
6 1
6 0
6 0
6 0
6 1
6 0
6 0
6 0
6 0
6 0
6 2
6 0
6 0
6 0
6 0
6 2
6 0
6 0
6 0
6 0
6 0
6 0
6 0
6 0
6 0
6 0
6 0
6 0
6 0
6 0
7 0
7 0
7 0
7 0
7 0
7 0
7 0
7 0
7 0
7 0
7 0
7 0
7 0
7 0
7 0
7 1
7 0
7 0
7 1
7 0
7 1
7 0
7 0
7 0
7 0
7 1
7 0
7 0
7 1
7 0
7 0
7 0
7 2
7 0
7 0
7 0
7 0
7 0
7 0
7 0
7 0
7 0
7 0
7 0
7 0
7 0
7 0
7 0
7 0
7 0
8 0
8 1
8 0
8 1
8 0
8 2
8 0
8 0
8 0
8 0
8 0
8 0
8 1
8 0
8 0
8 2
8 1
8 0
8 0
8 0
8 0
8 0
8 0
8 0
8 2
8 1
8 0
8 0
8 0
8 0
8 0
8 3
8 0
8 0
8 0
8 0
8 0
8 7
8 0
8 0
8 0
8 1
8 0
8 0
8 0
8 0
8 0
8 7
8 3
8 0
9 0
9 1
9 0
9 0
9 0
9 0
9 0
9 0
9 2
9 0
9 0
9 0
9 0
9 5
9 0
9 1
9 0
9 0
9 2
9 0
9 1
9 0
9 0
9 0
9 0
9 0
9 0
9 4
9 0
9 0
9 0
9 0
9 0
9 0
9 0
9 0
9 0
9 0
9 0
9 3
9 0
9 6
9 2
9 0
9 1
9 0
9 0
9 0
9 0
9 0
10 0
10 3
10 0
10 0
10 0
10 5
10 0
10 0
10 0
10 0
10 0
10 0
10 0
10 0
10 0
10 0
10 0
10 0
10 0
10 0
10 0
10 3
10 0
10 0
10 0
10 0
10 0
10 0
10 0
10 0
10 0
10 0
10 0
10 0
10 0
10 0
10 5
10 0
10 0
10 4
10 0
10 1
10 0
10 0
10 5
10 0
10 0
10 0
10 0
10 0
11 5
11 0
11 0
11 0
11 0
11 0
11 0
11 1
11 0
11 0
11 0
11 0
11 4
11 0
11 0
11 1
11 0
11 0
11 0
11 0
11 0
11 0
11 0
11 0
11 0
11 0
11 0
11 5
11 0
11 0
11 1
11 0
11 0
11 0
11 0
11 1
11 3
11 1
11 2
11 0
11 8
11 1
11 0
11 9
11 0
11 0
11 0
11 0
11 3
11 0
12 1
12 0
12 0
12 0
12 0
12 0
12 0
12 0
12 10
12 0
12 0
12 0
12 0
12 1
12 4
12 0
12 0
12 0
12 0
12 0
12 0
12 0
12 0
12 3
12 0
12 2
12 0
12 0
12 0
12 10
12 2
12 3
12 0
12 0
12 0
12 0
12 3
12 0
12 0
12 0
12 0
12 0
12 0
12 1
12 0
12 0
12 0
12 1
12 0
12 4
13 0
13 3
13 0
13 0
13 1
13 0
13 1
13 0
13 0
13 0
13 5
13 0
13 0
13 0
13 0
13 3
13 0
13 0
13 0
13 0
13 0
13 0
13 0
13 0
13 2
13 0
13 0
13 0
13 0
13 0
13 0
13 0
13 0
13 0
13 0
13 0
13 0
13 0
13 0
13 0
13 2
13 0
13 0
13 0
13 0
13 0
13 3
13 4
13 3
13 0
14 0
14 0
14 0
14 0
14 0
14 0
14 0
14 0
14 3
14 0
14 0
14 0
14 0
14 0
14 0
14 0
14 0
14 0
14 0
14 0
14 0
14 0
14 6
14 0
14 0
14 0
14 1
14 0
14 0
14 6
14 0
14 0
14 2
14 1
14 0
14 1
14 0
14 0
14 0
14 0
14 0
14 2
14 0
14 0
14 0
14 0
14 0
14 0
14 0
14 1
15 1
15 0
15 2
15 1
15 0
15 0
15 0
15 0
15 0
15 0
15 4
15 0
15 0
15 0
15 0
15 0
15 0
15 0
15 0
15 0
15 9
15 4
15 4
15 1
15 4
15 0
15 0
15 0
15 4
15 0
15 0
15 1
15 0
15 0
15 0
15 0
15 0
15 0
15 0
15 0
15 3
15 0
15 2
15 0
15 0
15 7
15 0
15 0
15 0
15 8
16 0
16 0
16 9
16 0
16 1
16 0
16 6
16 1
16 0
16 0
16 2
16 0
16 0
16 0
16 8
16 0
16 0
16 4
16 2
16 0
16 0
16 0
16 5
16 1
16 0
16 1
16 7
16 0
16 0
16 2
16 0
16 0
16 0
16 0
16 0
16 0
16 0
16 11
16 0
16 0
16 0
16 0
16 0
16 0
16 0
16 0
16 0
16 0
16 0
16 3
17 6
17 0
17 0
17 0
17 0
17 7
17 0
17 0
17 3
17 0
17 0
17 0
17 0
17 0
17 0
17 0
17 0
17 0
17 0
17 0
17 0
17 3
17 0
17 0
17 3
17 0
17 5
17 0
17 0
17 2
17 0
17 0
17 0
17 0
17 0
17 2
17 0
17 0
17 0
17 2
17 0
17 0
17 0
17 1
17 0
17 6
17 0
17 0
17 0
17 0
18 0
18 0
18 0
18 0
18 0
18 12
18 5
18 2
18 0
18 10
18 7
18 0
18 4
18 0
18 0
18 1
18 0
18 4
18 0
18 0
18 0
18 1
18 0
18 2
18 0
18 0
18 0
18 0
18 3
18 2
18 0
18 4
18 0
18 6
18 0
18 0
18 0
18 0
18 0
18 0
18 1
18 0
18 3
18 0
18 0
18 0
18 0
18 3
18 0
18 5
19 3
19 0
19 0
19 0
19 0
19 0
19 1
19 1
19 0
19 0
19 0
19 0
19 0
19 0
19 0
19 0
19 2
19 0
19 8
19 0
19 1
19 0
19 0
19 6
19 0
19 0
19 0
19 0
19 1
19 0
19 0
19 2
19 0
19 6
19 0
19 0
19 3
19 9
19 0
19 0
19 0
19 0
19 0
19 0
19 0
19 2
19 0
19 0
19 0
19 7
20 1
20 1
20 0
20 0
20 4
20 0
20 0
20 1
20 0
20 0
20 0
20 0
20 0
20 0
20 7
20 0
20 6
20 0
20 0
20 0
20 0
20 0
20 0
20 1
20 0
20 0
20 0
20 4
20 0
20 0
20 0
20 0
20 4
20 0
20 10
20 3
20 2
20 0
20 0
20 0
20 0
20 0
20 3
20 0
20 0
20 4
20 0
20 0
20 0
20 14
21 8
21 0
21 0
21 3
21 0
21 0
21 8
21 0
21 1
21 0
21 0
21 0
21 4
21 0
21 0
21 0
21 11
21 0
21 0
21 0
21 0
21 0
21 3
21 2
21 0
21 0
21 0
21 0
21 0
21 0
21 0
21 0
21 0
21 0
21 3
21 0
21 0
21 0
21 0
21 0
21 0
21 0
21 0
21 0
21 0
21 0
21 0
21 0
21 0
21 0
22 5
22 0
22 0
22 0
22 3
22 0
22 0
22 5
22 4
22 0
22 0
22 1
22 0
22 0
22 6
22 0
22 0
22 0
22 0
22 1
22 0
22 0
22 0
22 0
22 0
22 1
22 0
22 0
22 0
22 0
22 0
22 0
22 0
22 0
22 0
22 0
22 0
22 6
22 0
22 2
22 13
22 0
22 0
22 0
22 0
22 0
22 0
22 0
22 0
22 0
23 0
23 0
23 6
23 0
23 0
23 1
23 0
23 0
23 0
23 0
23 3
23 1
23 0
23 0
23 0
23 0
23 0
23 5
23 0
23 0
23 2
23 0
23 0
23 0
23 2
23 0
23 7
23 0
23 0
23 0
23 0
23 6
23 0
23 2
23 2
23 0
23 1
23 0
23 0
23 0
23 0
23 0
23 14
23 2
23 6
23 1
23 0
23 0
23 1
23 1
24 0
24 0
24 0
24 0
24 0
24 0
24 0
24 0
24 0
24 6
24 0
24 0
24 0
24 0
24 0
24 3
24 0
24 0
24 0
24 2
24 0
24 0
24 0
24 7
24 0
24 9
24 0
24 2
24 0
24 3
24 0
24 0
24 7
24 6
24 1
24 0
24 0
24 1
24 9
24 0
24 0
24 0
24 0
24 0
24 0
24 0
24 5
24 1
24 0
24 0
25 0
25 0
25 0
25 0
25 0
25 0
25 1
25 0
25 0
25 0
25 1
25 0
25 0
25 0
25 0
25 2
25 0
25 8
25 0
25 3
25 1
25 0
25 0
25 1
25 0
25 4
25 4
25 0
25 0
25 0
25 0
25 0
25 0
25 1
25 3
25 0
25 2
25 0
25 0
25 0
25 5
25 4
25 0
25 0
25 0
25 4
25 5
25 6
25 0
25 1
26 0
26 0
26 0
26 0
26 0
26 2
26 0
26 0
26 0
26 0
26 0
26 3
26 1
26 0
26 0
26 0
26 0
26 11
26 0
26 0
26 1
26 0
26 0
26 0
26 0
26 0
26 0
26 7
26 0
26 0
26 1
26 0
26 4
26 11
26 0
26 0
26 0
26 5
26 0
26 0
26 7
26 0
26 0
26 0
26 0
26 0
26 1
26 0
26 0
26 0
27 0
27 0
27 10
27 0
27 2
27 0
27 0
27 0
27 0
27 0
27 4
27 0
27 0
27 3
27 0
27 0
27 12
27 0
27 0
27 0
27 0
27 0
27 0
27 0
27 0
27 1
27 4
27 0
27 0
27 4
27 0
27 0
27 0
27 3
27 1
27 4
27 0
27 0
27 0
27 0
27 0
27 0
27 7
27 10
27 0
27 0
27 0
27 0
27 0
27 0
28 0
28 0
28 0
28 0
28 0
28 0
28 0
28 0
28 1
28 0
28 7
28 0
28 0
28 0
28 0
28 1
28 0
28 0
28 0
28 6
28 0
28 0
28 10
28 0
28 0
28 0
28 0
28 0
28 0
28 0
28 0
28 0
28 0
28 0
28 0
28 0
28 0
28 0
28 0
28 1
28 0
28 0
28 1
28 6
28 0
28 0
28 2
28 0
28 0
28 0
29 3
29 0
29 0
29 0
29 3
29 2
29 0
29 0
29 3
29 0
29 0
29 0
29 0
29 0
29 2
29 0
29 4
29 0
29 6
29 0
29 0
29 1
29 3
29 0
29 0
29 0
29 9
29 0
29 1
29 0
29 0
29 0
29 0
29 0
29 0
29 0
29 0
29 0
29 0
29 0
29 3
29 0
29 0
29 0
29 0
29 7
29 0
29 0
29 0
29 0
30 2
30 1
30 0
30 0
30 1
30 6
30 0
30 0
30 7
30 0
30 5
30 1
30 5
30 0
30 0
30 0
30 0
30 0
30 0
30 6
30 0
30 2
30 0
30 0
30 0
30 0
30 0
30 0
30 6
30 0
30 4
30 0
30 0
30 0
30 0
30 0
30 0
30 1
30 7
30 0
30 1
30 0
30 0
30 0
30 0
30 0
30 0
30 0
30 0
30 0
31 3
31 10
31 0
31 0
31 1
31 1
31 0
31 0
31 5
31 3
31 1
31 4
31 1
31 0
31 0
31 7
31 4
31 0
31 0
31 0
31 0
31 0
31 0
31 0
31 0
31 0
31 7
31 0
31 0
31 2
31 0
31 0
31 0
31 3
31 0
31 0
31 0
31 0
31 0
31 0
31 0
31 0
31 0
31 0
31 0
31 0
31 6
31 0
31 0
31 0
32 8
32 0
32 11
32 0
32 0
32 0
32 2
32 0
32 0
32 0
32 1
32 0
32 2
32 0
32 0
32 0
32 7
32 1
32 6
32 0
32 0
32 0
32 2
32 0
32 0
32 0
32 5
32 0
32 0
32 0
32 0
32 3
32 0
32 0
32 0
32 0
32 0
32 0
32 1
32 0
32 1
32 0
32 0
32 0
32 0
32 2
32 0
32 0
32 0
32 4
33 0
33 0
33 0
33 0
33 2
33 0
33 2
33 0
33 2
33 0
33 8
33 0
33 0
33 2
33 0
33 0
33 0
33 0
33 0
33 0
33 0
33 0
33 0
33 0
33 0
33 0
33 1
33 0
33 4
33 0
33 0
33 5
33 0
33 0
33 0
33 1
33 2
33 5
33 1
33 0
33 0
33 0
33 2
33 0
33 0
33 1
33 0
33 0
33 0
33 0
34 0
34 9
34 0
34 0
34 4
34 0
34 0
34 6
34 0
34 1
34 0
34 0
34 1
34 0
34 0
34 3
34 0
34 0
34 0
34 0
34 0
34 0
34 0
34 2
34 1
34 0
34 0
34 0
34 4
34 0
34 0
34 0
34 1
34 4
34 0
34 1
34 9
34 4
34 3
34 0
34 0
34 0
34 1
34 4
34 0
34 0
34 1
34 0
34 0
34 7
35 0
35 0
35 0
35 0
35 4
35 1
35 0
35 0
35 0
35 9
35 0
35 0
35 0
35 0
35 0
35 0
35 15
35 0
35 0
35 0
35 0
35 0
35 4
35 0
35 0
35 0
35 0
35 2
35 0
35 0
35 0
35 2
35 0
35 0
35 0
35 0
35 0
35 0
35 7
35 0
35 0
35 3
35 1
35 0
35 0
35 0
35 0
35 6
35 0
35 4
36 0
36 1
36 0
36 0
36 0
36 0
36 0
36 0
36 1
36 8
36 0
36 0
36 0
36 0
36 1
36 0
36 0
36 2
36 1
36 3
36 0
36 3
36 0
36 0
36 0
36 0
36 0
36 0
36 1
36 12
36 0
36 1
36 0
36 0
36 0
36 2
36 1
36 6
36 0
36 0
36 0
36 0
36 5
36 0
36 1
36 0
36 0
36 0
36 0
36 2
37 14
37 0
37 0
37 1
37 0
37 13
37 0
37 0
37 2
37 0
37 0
37 3
37 0
37 0
37 1
37 0
37 5
37 0
37 1
37 3
37 5
37 0
37 5
37 0
37 0
37 2
37 3
37 0
37 0
37 0
37 0
37 2
37 0
37 0
37 0
37 4
37 0
37 8
37 0
37 0
37 1
37 0
37 4
37 0
37 0
37 4
37 0
37 0
37 0
37 1
38 5
38 0
38 7
38 6
38 0
38 0
38 1
38 0
38 1
38 1
38 0
38 0
38 0
38 0
38 0
38 0
38 0
38 4
38 0
38 0
38 1
38 5
38 0
38 1
38 0
38 0
38 0
38 0
38 0
38 0
38 0
38 2
38 0
38 0
38 0
38 2
38 0
38 0
38 3
38 0
38 0
38 2
38 0
38 1
38 1
38 0
38 0
38 0
38 5
38 0
39 4
39 1
39 6
39 0
39 0
39 0
39 0
39 0
39 3
39 0
39 0
39 2
39 11
39 0
39 0
39 0
39 0
39 0
39 0
39 0
39 0
39 6
39 0
39 0
39 0
39 1
39 2
39 0
39 0
39 4
39 0
39 0
39 5
39 0
39 0
39 0
39 9
39 0
39 1
39 1
39 9
39 1
39 1
39 0
39 1
39 0
39 1
39 0
39 0
39 5
40 0
40 0
40 4
40 0
40 0
40 0
40 0
40 8
40 4
40 1
40 0
40 0
40 0
40 0
40 0
40 0
40 0
40 7
40 0
40 1
40 0
40 1
40 0
40 0
40 0
40 10
40 0
40 0
40 0
40 0
40 3
40 0
40 0
40 1
40 1
40 0
40 0
40 0
40 0
40 0
40 0
40 0
40 0
40 5
40 0
40 0
40 0
40 0
40 4
40 8
41 8
41 0
41 0
41 0
41 0
41 3
41 0
41 0
41 1
41 0
41 0
41 3
41 0
41 0
41 0
41 2
41 0
41 0
41 0
41 7
41 0
41 5
41 1
41 0
41 1
41 0
41 0
41 0
41 0
41 0
41 1
41 0
41 3
41 10
41 0
41 1
41 0
41 0
41 0
41 0
41 3
41 2
41 7
41 0
41 0
41 2
41 0
41 1
41 0
41 0
42 0
42 7
42 0
42 3
42 4
42 0
42 0
42 0
42 0
42 6
42 4
42 0
42 0
42 9
42 0
42 0
42 0
42 0
42 0
42 0
42 2
42 0
42 0
42 1
42 0
42 1
42 0
42 2
42 0
42 0
42 0
42 0
42 10
42 0
42 0
42 9
42 0
42 5
42 2
42 0
42 0
42 0
42 0
42 0
42 1
42 0
42 0
42 0
42 0
42 0
43 0
43 0
43 0
43 0
43 0
43 0
43 0
43 0
43 0
43 0
43 0
43 0
43 2
43 0
43 6
43 0
43 1
43 0
43 8
43 1
43 0
43 7
43 0
43 0
43 7
43 6
43 0
43 2
43 0
43 0
43 2
43 0
43 0
43 0
43 0
43 0
43 0
43 1
43 0
43 0
43 11
43 0
43 1
43 1
43 0
43 0
43 5
43 4
43 0
43 0
44 7
44 0
44 0
44 0
44 0
44 3
44 0
44 0
44 0
44 0
44 0
44 2
44 0
44 0
44 1
44 4
44 0
44 0
44 0
44 1
44 0
44 0
44 5
44 0
44 0
44 5
44 0
44 1
44 0
44 4
44 0
44 9
44 0
44 0
44 0
44 3
44 1
44 0
44 0
44 0
44 0
44 2
44 0
44 0
44 0
44 2
44 6
44 9
44 1
44 3
45 0
45 9
45 0
45 0
45 0
45 0
45 2
45 0
45 0
45 6
45 0
45 0
45 1
45 6
45 11
45 0
45 0
45 7
45 0
45 0
45 0
45 3
45 0
45 0
45 0
45 2
45 10
45 0
45 1
45 0
45 0
45 3
45 0
45 6
45 0
45 3
45 0
45 0
45 0
45 0
45 0
45 1
45 1
45 0
45 0
45 0
45 0
45 0
45 0
45 0
46 0
46 0
46 6
46 1
46 0
46 0
46 0
46 0
46 0
46 0
46 13
46 0
46 0
46 12
46 3
46 3
46 0
46 6
46 0
46 0
46 0
46 0
46 0
46 0
46 0
46 0
46 0
46 0
46 0
46 0
46 0
46 2
46 0
46 3
46 0
46 0
46 1
46 0
46 0
46 0
46 0
46 10
46 0
46 0
46 5
46 0
46 0
46 0
46 0
46 0
47 0
47 0
47 0
47 0
47 0
47 0
47 0
47 0
47 13
47 0
47 0
47 1
47 6
47 6
47 0
47 0
47 0
47 2
47 0
47 12
47 1
47 0
47 0
47 0
47 1
47 2
47 0
47 7
47 2
47 0
47 0
47 0
47 0
47 0
47 0
47 0
47 0
47 6
47 0
47 0
47 0
47 0
47 0
47 0
47 0
47 0
47 0
47 0
47 0
47 1
48 7
48 0
48 0
48 0
48 0
48 0
48 6
48 0
48 14
48 0
48 0
48 0
48 0
48 0
48 0
48 2
48 0
48 0
48 0
48 7
48 0
48 2
48 0
48 0
48 0
48 0
48 0
48 0
48 5
48 0
48 0
48 3
48 0
48 0
48 0
48 8
48 0
48 5
48 0
48 2
48 0
48 0
48 0
48 0
48 0
48 0
48 0
48 0
48 0
48 6
49 0
49 0
49 0
49 0
49 0
49 0
49 0
49 0
49 0
49 0
49 1
49 4
49 1
49 0
49 0
49 0
49 3
49 0
49 0
49 0
49 1
49 5
49 0
49 0
49 0
49 0
49 0
49 0
49 1
49 2
49 0
49 0
49 8
49 0
49 0
49 0
49 0
49 0
49 0
49 0
49 0
49 6
49 0
49 3
49 1
49 0
49 0
49 0
49 1
49 0
50 0
50 0
50 0
50 0
50 0
50 8
50 0
50 0
50 0
50 0
50 0
50 0
50 0
50 1
50 0
50 8
50 1
50 0
50 3
50 0
50 4
50 1
50 0
50 0
50 0
50 0
50 0
50 0
50 0
50 0
50 0
50 1
50 0
50 0
50 0
50 1
50 0
50 0
50 0
50 0
50 1
50 13
50 0
50 5
50 0
50 8
50 8
50 0
50 1
50 13
51 0
51 0
51 0
51 0
51 5
51 0
51 0
51 2
51 0
51 6
51 3
51 0
51 0
51 0
51 0
51 0
51 0
51 5
51 0
51 1
51 1
51 0
51 1
51 2
51 0
51 4
51 0
51 1
51 0
51 0
51 0
51 0
51 8
51 0
51 0
51 0
51 0
51 0
51 7
51 5
51 5
51 0
51 1
51 0
51 0
51 0
51 0
51 2
51 12
51 8
52 0
52 2
52 0
52 0
52 0
52 9
52 0
52 0
52 2
52 0
52 0
52 0
52 3
52 0
52 0
52 0
52 2
52 0
52 0
52 8
52 0
52 0
52 0
52 0
52 0
52 0
52 0
52 6
52 0
52 0
52 0
52 7
52 0
52 0
52 6
52 0
52 0
52 0
52 3
52 4
52 0
52 1
52 8
52 0
52 0
52 2
52 0
52 0
52 1
52 0
53 3
53 0
53 0
53 0
53 0
53 0
53 0
53 0
53 11
53 11
53 5
53 8
53 0
53 0
53 0
53 0
53 0
53 0
53 0
53 3
53 1
53 0
53 0
53 0
53 0
53 4
53 0
53 0
53 6
53 0
53 0
53 0
53 0
53 0
53 0
53 11
53 3
53 0
53 0
53 0
53 2
53 0
53 0
53 0
53 0
53 9
53 0
53 0
53 0
53 0
54 0
54 0
54 0
54 0
54 0
54 4
54 0
54 5
54 0
54 0
54 0
54 0
54 0
54 0
54 0
54 1
54 0
54 3
54 5
54 0
54 6
54 0
54 0
54 1
54 0
54 0
54 0
54 0
54 4
54 0
54 5
54 0
54 0
54 6
54 3
54 0
54 6
54 0
54 0
54 3
54 0
54 0
54 2
54 0
54 0
54 0
54 0
54 0
54 0
54 0
55 8
55 8
55 0
55 9
55 0
55 0
55 0
55 0
55 0
55 0
55 4
55 0
55 0
55 0
55 0
55 0
55 0
55 0
55 1
55 0
55 5
55 0
55 0
55 1
55 0
55 0
55 0
55 7
55 0
55 1
55 0
55 0
55 0
55 3
55 7
55 0
55 0
55 0
55 0
55 2
55 0
55 0
55 0
55 0
55 0
55 0
55 0
55 0
55 0
55 0
56 0
56 3
56 0
56 13
56 0
56 0
56 0
56 0
56 0
56 0
56 7
56 4
56 0
56 0
56 0
56 7
56 0
56 6
56 0
56 0
56 6
56 0
56 0
56 1
56 0
56 0
56 0
56 0
56 2
56 0
56 0
56 0
56 0
56 2
56 0
56 0
56 3
56 12
56 0
56 0
56 3
56 0
56 3
56 2
56 0
56 4
56 0
56 0
56 0
56 0
57 3
57 0
57 0
57 0
57 0
57 0
57 2
57 0
57 4
57 0
57 0
57 0
57 3
57 0
57 0
57 0
57 0
57 0
57 0
57 0
57 7
57 0
57 0
57 2
57 0
57 0
57 0
57 0
57 0
57 0
57 0
57 0
57 7
57 0
57 0
57 0
57 0
57 2
57 0
57 0
57 0
57 1
57 0
57 0
57 0
57 0
57 0
57 0
57 0
57 0
58 0
58 0
58 0
58 0
58 4
58 11
58 0
58 0
58 0
58 0
58 0
58 8
58 0
58 0
58 13
58 0
58 0
58 2
58 0
58 0
58 0
58 3
58 0
58 0
58 1
58 0
58 0
58 1
58 1
58 0
58 0
58 0
58 0
58 2
58 0
58 0
58 0
58 0
58 0
58 0
58 1
58 0
58 0
58 0
58 0
58 0
58 0
58 0
58 0
58 0
59 1
59 0
59 9
59 0
59 3
59 0
59 0
59 1
59 4
59 0
59 0
59 7
59 1
59 0
59 0
59 0
59 7
59 0
59 0
59 0
59 0
59 0
59 0
59 0
59 0
59 0
59 0
59 1
59 6
59 0
59 0
59 0
59 1
59 0
59 0
59 0
59 0
59 0
59 2
59 8
59 0
59 1
59 0
59 0
59 0
59 0
59 0
59 0
59 0
59 0
60 9
60 0
60 3
60 11
60 0
60 7
60 4
60 0
60 7
60 0
60 3
60 0
60 1
60 0
60 0
60 6
60 1
60 0
60 0
60 1
60 0
60 0
60 0
60 0
60 0
60 0
60 7
60 0
60 0
60 0
60 0
60 0
60 0
60 4
60 2
60 0
60 0
60 5
60 0
60 0
60 0
60 0
60 0
60 0
60 3
60 0
60 5
60 0
60 0
60 1
61 0
61 1
61 0
61 0
61 2
61 0
61 0
61 0
61 0
61 1
61 0
61 0
61 0
61 0
61 1
61 0
61 0
61 0
61 0
61 0
61 0
61 0
61 0
61 0
61 0
61 7
61 0
61 0
61 0
61 0
61 0
61 3
61 0
61 0
61 16
61 0
61 0
61 1
61 0
61 0
61 1
61 1
61 0
61 0
61 0
61 0
61 0
61 0
61 0
61 0
62 0
62 0
62 1
62 0
62 0
62 0
62 0
62 0
62 0
62 5
62 0
62 0
62 1
62 0
62 0
62 0
62 0
62 6
62 6
62 0
62 0
62 1
62 2
62 0
62 7
62 0
62 0
62 11
62 0
62 0
62 0
62 1
62 1
62 1
62 0
62 0
62 0
62 0
62 5
62 0
62 0
62 5
62 0
62 3
62 0
62 6
62 0
62 0
62 0
62 0
63 0
63 7
63 0
63 0
63 15
63 0
63 0
63 0
63 0
63 0
63 0
63 0
63 0
63 0
63 0
63 0
63 0
63 0
63 0
63 0
63 0
63 0
63 0
63 0
63 0
63 0
63 3
63 4
63 0
63 0
63 3
63 3
63 0
63 0
63 0
63 0
63 0
63 0
63 0
63 0
63 0
63 0
63 3
63 9
63 0
63 3
63 0
63 0
63 7
63 0
64 0
64 13
64 8
64 11
64 0
64 6
64 0
64 0
64 0
64 0
64 1
64 0
64 0
64 4
64 0
64 4
64 0
64 2
64 0
64 3
64 0
64 0
64 0
64 0
64 0
64 6
64 14
64 0
64 0
64 0
64 0
64 0
64 0
64 2
64 0
64 14
64 1
64 0
64 0
64 0
64 8
64 0
64 0
64 2
64 1
64 0
64 0
64 0
64 0
64 0
65 2
65 0
65 0
65 0
65 0
65 0
65 0
65 0
65 3
65 0
65 1
65 0
65 0
65 0
65 0
65 0
65 0
65 0
65 0
65 0
65 0
65 0
65 0
65 0
65 0
65 0
65 0
65 0
65 0
65 0
65 16
65 0
65 0
65 0
65 0
65 6
65 0
65 0
65 0
65 0
65 0
65 0
65 0
65 0
65 5
65 7
65 1
65 0
65 0
65 0
66 0
66 0
66 0
66 0
66 1
66 0
66 13
66 0
66 0
66 2
66 2
66 0
66 0
66 5
66 0
66 1
66 0
66 3
66 0
66 4
66 0
66 0
66 0
66 0
66 3
66 8
66 0
66 3
66 0
66 0
66 1
66 4
66 0
66 0
66 0
66 0
66 2
66 1
66 0
66 0
66 0
66 0
66 1
66 0
66 0
66 0
66 2
66 5
66 2
66 1
67 8
67 0
67 0
67 0
67 0
67 0
67 0
67 0
67 12
67 0
67 0
67 0
67 0
67 0
67 0
67 0
67 0
67 0
67 0
67 0
67 0
67 0
67 0
67 0
67 7
67 0
67 0
67 0
67 0
67 0
67 0
67 0
67 0
67 0
67 0
67 0
67 0
67 8
67 0
67 0
67 0
67 4
67 0
67 0
67 0
67 5
67 0
67 0
67 0
67 0
68 0
68 0
68 1
68 0
68 0
68 0
68 9
68 0
68 0
68 0
68 8
68 6
68 0
68 0
68 6
68 0
68 0
68 0
68 0
68 15
68 5
68 0
68 0
68 3
68 8
68 0
68 0
68 0
68 0
68 0
68 0
68 0
68 1
68 1
68 0
68 8
68 0
68 0
68 1
68 0
68 11
68 6
68 0
68 0
68 1
68 2
68 0
68 0
68 0
68 0
69 5
69 0
69 0
69 0
69 0
69 0
69 5
69 0
69 0
69 1
69 7
69 0
69 0
69 4
69 0
69 10
69 0
69 0
69 8
69 0
69 0
69 0
69 0
69 0
69 0
69 0
69 2
69 2
69 0
69 0
69 5
69 0
69 0
69 0
69 0
69 0
69 3
69 0
69 5
69 0
69 0
69 0
69 0
69 0
69 7
69 7
69 0
69 5
69 0
69 0
70 8
70 3
70 0
70 0
70 0
70 0
70 0
70 0
70 5
70 0
70 4
70 2
70 0
70 1
70 8
70 10
70 0
70 0
70 1
70 0
70 0
70 0
70 0
70 0
70 0
70 2
70 0
70 10
70 0
70 0
70 0
70 0
70 0
70 1
70 0
70 0
70 0
70 3
70 0
70 0
70 5
70 0
70 0
70 0
70 0
70 0
70 4
70 11
70 1
70 0
71 0
71 0
71 5
71 0
71 8
71 0
71 0
71 4
71 0
71 0
71 0
71 0
71 0
71 0
71 0
71 0
71 0
71 0
71 0
71 0
71 0
71 0
71 0
71 1
71 3
71 0
71 1
71 0
71 9
71 0
71 0
71 0
71 0
71 0
71 0
71 0
71 0
71 1
71 0
71 0
71 0
71 2
71 0
71 0
71 0
71 0
71 0
71 1
71 0
71 0
72 0
72 0
72 6
72 0
72 4
72 0
72 0
72 2
72 0
72 11
72 0
72 0
72 0
72 0
72 0
72 0
72 0
72 0
72 5
72 4
72 0
72 0
72 0
72 8
72 0
72 0
72 0
72 0
72 1
72 2
72 14
72 0
72 0
72 0
72 4
72 0
72 0
72 0
72 5
72 0
72 0
72 3
72 9
72 0
72 0
72 0
72 0
72 5
72 0
72 1
73 0
73 0
73 0
73 1
73 0
73 2
73 0
73 0
73 10
73 11
73 1
73 0
73 9
73 0
73 0
73 0
73 0
73 0
73 9
73 2
73 0
73 4
73 7
73 0
73 0
73 1
73 0
73 0
73 0
73 0
73 3
73 0
73 0
73 3
73 1
73 0
73 0
73 7
73 0
73 6
73 8
73 0
73 0
73 6
73 0
73 0
73 0
73 1
73 0
73 0
74 6
74 0
74 1
74 0
74 0
74 0
74 8
74 0
74 1
74 9
74 0
74 0
74 0
74 3
74 6
74 0
74 2
74 0
74 0
74 2
74 0
74 0
74 0
74 6
74 0
74 0
74 0
74 4
74 0
74 0
74 0
74 4
74 7
74 7
74 4
74 8
74 2
74 0
74 0
74 0
74 4
74 1
74 2
74 6
74 0
74 2
74 1
74 0
74 0
74 0
75 0
75 5
75 9
75 5
75 2
75 0
75 0
75 0
75 6
75 8
75 0
75 15
75 5
75 2
75 0
75 14
75 7
75 0
75 3
75 1
75 9
75 3
75 5
75 0
75 1
75 0
75 0
75 1
75 3
75 0
75 0
75 0
75 0
75 0
75 0
75 0
75 0
75 9
75 0
75 0
75 2
75 0
75 0
75 0
75 0
75 11
75 2
75 0
75 0
75 0
76 0
76 4
76 0
76 0
76 0
76 2
76 0
76 2
76 0
76 1
76 0
76 0
76 0
76 1
76 3
76 2
76 0
76 0
76 0
76 2
76 0
76 0
76 0
76 4
76 0
76 3
76 0
76 0
76 0
76 1
76 0
76 5
76 0
76 0
76 0
76 0
76 0
76 0
76 0
76 0
76 0
76 0
76 0
76 0
76 3
76 1
76 0
76 0
76 0
76 0
77 4
77 0
77 0
77 0
77 0
77 7
77 10
77 0
77 0
77 0
77 0
77 0
77 7
77 1
77 0
77 4
77 1
77 0
77 0
77 0
77 0
77 0
77 0
77 0
77 0
77 0
77 8
77 0
77 0
77 0
77 0
77 0
77 0
77 0
77 1
77 0
77 0
77 0
77 7
77 0
77 0
77 0
77 0
77 0
77 1
77 1
77 0
77 7
77 0
77 0
78 0
78 3
78 0
78 0
78 0
78 0
78 7
78 0
78 13
78 2
78 0
78 0
78 4
78 0
78 0
78 0
78 0
78 0
78 0
78 0
78 0
78 0
78 9
78 0
78 0
78 0
78 0
78 0
78 0
78 0
78 0
78 1
78 0
78 4
78 0
78 0
78 2
78 9
78 0
78 0
78 0
78 0
78 3
78 0
78 1
78 0
78 0
78 0
78 0
78 4
79 0
79 0
79 0
79 0
79 0
79 0
79 4
79 0
79 0
79 0
79 0
79 11
79 0
79 0
79 0
79 0
79 0
79 0
79 0
79 0
79 2
79 0
79 0
79 0
79 1
79 1
79 7
79 0
79 0
79 0
79 0
79 3
79 0
79 2
79 0
79 0
79 0
79 0
79 0
79 0
79 5
79 0
79 0
79 0
79 0
79 0
79 1
79 0
79 0
79 2
80 0
80 0
80 3
80 1
80 0
80 0
80 0
80 1
80 0
80 7
80 0
80 1
80 0
80 2
80 0
80 0
80 0
80 0
80 0
80 1
80 0
80 0
80 0
80 0
80 3
80 9
80 6
80 0
80 0
80 1
80 0
80 0
80 3
80 0
80 0
80 1
80 3
80 0
80 2
80 0
80 0
80 0
80 0
80 2
80 0
80 0
80 0
80 8
80 7
80 1
81 0
81 0
81 0
81 0
81 0
81 0
81 0
81 0
81 0
81 0
81 1
81 0
81 0
81 0
81 0
81 0
81 2
81 0
81 1
81 0
81 5
81 0
81 1
81 0
81 4
81 0
81 0
81 0
81 2
81 0
81 2
81 1
81 2
81 5
81 0
81 1
81 0
81 0
81 0
81 0
81 6
81 0
81 9
81 0
81 1
81 9
81 0
81 0
81 1
81 4
82 2
82 2
82 0
82 2
82 0
82 2
82 1
82 0
82 0
82 0
82 0
82 0
82 3
82 0
82 0
82 0
82 6
82 0
82 0
82 0
82 5
82 0
82 0
82 6
82 0
82 7
82 3
82 0
82 0
82 0
82 0
82 0
82 0
82 0
82 0
82 6
82 0
82 0
82 0
82 0
82 0
82 3
82 0
82 0
82 0
82 0
82 4
82 1
82 0
82 0
83 0
83 0
83 12
83 0
83 0
83 0
83 0
83 0
83 1
83 0
83 0
83 1
83 2
83 4
83 2
83 0
83 0
83 0
83 0
83 0
83 0
83 0
83 0
83 0
83 2
83 0
83 2
83 0
83 0
83 2
83 0
83 0
83 0
83 0
83 0
83 0
83 0
83 1
83 2
83 0
83 0
83 0
83 1
83 1
83 0
83 0
83 0
83 0
83 0
83 0
84 0
84 0
84 0
84 0
84 2
84 0
84 1
84 0
84 1
84 0
84 0
84 0
84 0
84 0
84 0
84 6
84 0
84 11
84 1
84 4
84 0
84 0
84 0
84 0
84 0
84 0
84 0
84 0
84 0
84 0
84 0
84 0
84 1
84 6
84 0
84 0
84 1
84 0
84 0
84 0
84 0
84 1
84 0
84 10
84 8
84 12
84 0
84 0
84 0
84 0
85 7
85 0
85 0
85 0
85 0
85 0
85 0
85 0
85 7
85 1
85 0
85 1
85 6
85 0
85 0
85 0
85 0
85 0
85 0
85 0
85 0
85 3
85 0
85 2
85 1
85 0
85 0
85 0
85 5
85 0
85 0
85 0
85 0
85 0
85 0
85 0
85 5
85 2
85 4
85 0
85 0
85 0
85 0
85 0
85 6
85 9
85 0
85 0
85 0
85 0
86 0
86 0
86 0
86 0
86 0
86 0
86 3
86 0
86 0
86 0
86 0
86 8
86 1
86 5
86 0
86 0
86 0
86 0
86 0
86 7
86 10
86 0
86 2
86 0
86 0
86 0
86 1
86 0
86 0
86 1
86 0
86 0
86 0
86 8
86 7
86 1
86 0
86 0
86 0
86 0
86 13
86 0
86 0
86 0
86 0
86 0
86 0
86 0
86 0
86 0
87 3
87 1
87 0
87 12
87 3
87 0
87 2
87 0
87 1
87 0
87 0
87 0
87 0
87 1
87 0
87 0
87 0
87 0
87 0
87 0
87 0
87 0
87 0
87 0
87 0
87 0
87 1
87 6
87 0
87 0
87 6
87 0
87 0
87 0
87 0
87 7
87 0
87 0
87 1
87 0
87 0
87 0
87 0
87 1
87 0
87 0
87 0
87 0
87 1
87 0
88 0
88 4
88 2
88 0
88 2
88 0
88 0
88 5
88 0
88 1
88 0
88 0
88 0
88 0
88 0
88 0
88 11
88 0
88 0
88 8
88 0
88 2
88 3
88 1
88 5
88 1
88 0
88 0
88 4
88 0
88 0
88 11
88 0
88 0
88 0
88 0
88 0
88 0
88 0
88 0
88 2
88 7
88 6
88 0
88 6
88 0
88 0
88 3
88 0
88 1
89 7
89 1
89 0
89 0
89 0
89 0
89 0
89 0
89 0
89 4
89 0
89 0
89 0
89 7
89 8
89 0
89 0
89 0
89 0
89 0
89 0
89 0
89 0
89 0
89 0
89 8
89 1
89 0
89 0
89 0
89 0
89 0
89 0
89 0
89 1
89 0
89 0
89 0
89 0
89 0
89 0
89 0
89 0
89 2
89 0
89 0
89 0
89 0
89 3
89 0
90 0
90 0
90 0
90 2
90 0
90 0
90 7
90 0
90 0
90 0
90 0
90 0
90 6
90 1
90 1
90 0
90 0
90 0
90 0
90 0
90 13
90 0
90 0
90 0
90 4
90 1
90 0
90 5
90 4
90 3
90 0
90 0
90 0
90 2
90 0
90 0
90 1
90 3
90 0
90 0
90 2
90 0
90 0
90 0
90 0
90 0
90 0
90 0
90 0
90 0
91 10
91 0
91 1
91 1
91 0
91 0
91 0
91 3
91 0
91 0
91 0
91 0
91 1
91 0
91 0
91 1
91 0
91 7
91 0
91 0
91 0
91 5
91 0
91 0
91 1
91 0
91 0
91 0
91 0
91 7
91 0
91 0
91 0
91 0
91 0
91 0
91 2
91 0
91 0
91 0
91 0
91 16
91 0
91 0
91 0
91 0
91 0
91 0
91 0
91 0
92 0
92 3
92 4
92 0
92 0
92 0
92 0
92 0
92 0
92 0
92 0
92 0
92 1
92 1
92 0
92 0
92 0
92 0
92 1
92 0
92 0
92 0
92 0
92 0
92 0
92 0
92 0
92 5
92 0
92 9
92 6
92 0
92 0
92 0
92 4
92 0
92 5
92 0
92 0
92 1
92 0
92 0
92 0
92 2
92 0
92 8
92 0
92 1
92 5
92 5
93 0
93 0
93 0
93 0
93 7
93 0
93 0
93 0
93 0
93 0
93 0
93 0
93 2
93 0
93 0
93 2
93 0
93 0
93 5
93 0
93 0
93 3
93 0
93 0
93 0
93 6
93 1
93 3
93 0
93 3
93 0
93 0
93 0
93 0
93 0
93 0
93 0
93 0
93 0
93 0
93 0
93 0
93 0
93 7
93 0
93 8
93 2
93 0
93 0
93 4
94 0
94 0
94 0
94 0
94 0
94 0
94 0
94 0
94 0
94 1
94 0
94 0
94 1
94 1
94 4
94 0
94 0
94 0
94 0
94 1
94 3
94 1
94 0
94 0
94 0
94 3
94 11
94 0
94 4
94 0
94 0
94 1
94 0
94 6
94 0
94 3
94 3
94 7
94 0
94 0
94 0
94 0
94 0
94 0
94 0
94 0
94 0
94 1
94 0
94 0
95 0
95 4
95 5
95 0
95 3
95 1
95 2
95 13
95 6
95 0
95 0
95 0
95 9
95 0
95 0
95 0
95 2
95 0
95 0
95 0
95 0
95 0
95 6
95 0
95 8
95 0
95 0
95 0
95 0
95 3
95 0
95 0
95 2
95 0
95 0
95 0
95 2
95 0
95 0
95 0
95 3
95 0
95 0
95 2
95 4
95 0
95 0
95 0
95 0
95 9
96 0
96 0
96 0
96 13
96 0
96 0
96 0
96 0
96 10
96 1
96 2
96 0
96 10
96 2
96 0
96 4
96 0
96 2
96 0
96 0
96 0
96 1
96 0
96 0
96 0
96 0
96 0
96 0
96 3
96 0
96 0
96 0
96 0
96 0
96 0
96 0
96 0
96 0
96 0
96 0
96 0
96 0
96 0
96 0
96 2
96 0
96 0
96 2
96 8
96 7
97 0
97 0
97 0
97 5
97 0
97 0
97 0
97 0
97 0
97 8
97 0
97 4
97 0
97 3
97 0
97 2
97 1
97 6
97 2
97 0
97 5
97 0
97 2
97 0
97 0
97 0
97 0
97 5
97 0
97 0
97 0
97 10
97 0
97 0
97 0
97 0
97 6
97 0
97 0
97 0
97 10
97 0
97 0
97 0
97 0
97 0
97 0
97 0
97 0
97 0
98 0
98 0
98 0
98 4
98 0
98 0
98 0
98 0
98 0
98 2
98 0
98 0
98 0
98 0
98 0
98 5
98 0
98 0
98 0
98 0
98 0
98 0
98 0
98 1
98 0
98 0
98 4
98 1
98 3
98 7
98 0
98 0
98 1
98 0
98 1
98 0
98 0
98 0
98 4
98 11
98 0
98 0
98 1
98 0
98 0
98 0
98 0
98 0
98 3
98 1
99 0
99 1
99 0
99 0
99 0
99 0
99 0
99 4
99 5
99 0
99 0
99 0
99 1
99 2
99 0
99 0
99 0
99 0
99 2
99 5
99 0
99 0
99 0
99 0
99 0
99 0
99 0
99 0
99 0
99 0
99 1
99 0
99 0
99 0
99 5
99 7
99 0
99 0
99 0
99 0
99 0
99 0
99 0
99 0
99 0
99 0
99 0
99 0
99 0
99 0
100 0
100 5
100 0
100 0
100 2
100 0
100 0
100 3
100 0
100 0
100 0
100 0
100 0
100 0
100 2
100 0
100 0
100 0
100 0
100 1
100 0
100 0
100 6
100 1
100 0
100 0
100 0
100 0
100 6
100 0
100 0
100 7
100 4
100 0
100 7
100 0
100 0
100 0
100 0
100 0
100 0
100 2
100 0
100 0
100 0
100 0
100 0
100 0
100 0
100 0
