1 0
1 1
1 4
1 4
1 0
1 14
1 0
1 2
1 0
1 0
1 1
1 12
1 0
1 2
1 12
1 10
1 1
1 2
1 0
1 4
1 2
1 0
1 0
1 4
1 0
1 4
1 4
1 2
1 4
1 0
1 0
1 0
1 14
1 1
1 1
1 8
1 1
1 0
1 0
1 4
1 8
1 0
1 2
1 4
1 0
1 18
1 4
1 1
1 0
1 1
2 8
2 0
2 0
2 1
2 0
2 0
2 1
2 1
2 0
2 2
2 8
2 2
2 0
2 4
2 0
2 10
2 14
2 0
2 0
2 8
2 4
2 0
2 0
2 12
2 2
2 8
2 2
2 0
2 12
2 0
2 2
2 14
2 0
2 0
2 1
2 0
2 0
2 0
2 10
2 4
2 4
2 0
2 4
2 0
2 4
2 14
2 93
2 6
2 0
2 0
3 2
3 4
3 0
3 10
3 2
3 0
3 1
3 0
3 12
3 2
3 0
3 0
3 0
3 1
3 0
3 0
3 0
3 0
3 4
3 0
3 4
3 16
3 10
3 4
3 0
3 1
3 0
3 2
3 0
3 4
3 0
3 0
3 2
3 20
3 0
3 0
3 0
3 2
3 0
3 4
3 0
3 14
3 0
3 97
3 0
3 0
3 0
3 14
3 107
3 0
4 12
4 6
4 0
4 0
4 18
4 0
4 0
4 0
4 113
4 14
4 4
4 2
4 0
4 2
4 2
4 2
4 2
4 0
4 4
4 0
4 1
4 0
4 18
4 0
4 0
4 0
4 0
4 14
4 4
4 10
4 0
4 0
4 0
4 2
4 0
4 1
4 18
4 1
4 0
4 12
4 19
4 0
4 0
4 117
4 0
4 10
4 0
4 0
4 1
4 0
5 0
5 0
5 6
5 0
5 0
5 16
5 8
5 18
5 0
5 0
5 4
5 10
5 0
5 0
5 0
5 97
5 0
5 14
5 0
5 14
5 0
5 0
5 0
5 2
5 1
5 0
5 0
5 0
5 4
5 0
5 119
5 12
5 1
5 0
5 8
5 16
5 16
5 0
5 0
5 0
5 6
5 0
5 18
5 2
5 0
5 0
5 4
5 6
5 2
5 6
6 16
6 0
6 0
6 10
6 0
6 14
6 0
6 16
6 0
6 0
6 10
6 2
6 0
6 0
6 0
6 0
6 14
6 8
6 2
6 1
6 0
6 1
6 0
6 0
6 123
6 0
6 14
6 4
6 0
6 0
6 0
6 0
6 0
6 0
6 0
6 0
6 0
6 6
6 2
6 2
6 105
6 4
6 2
6 0
6 0
6 12
6 0
6 4
6 0
6 8
7 4
7 1
7 12
7 12
7 0
7 16
7 0
7 0
7 6
7 4
7 0
7 16
7 0
7 6
7 2
7 0
7 10
7 4
7 0
7 0
7 12
7 16
7 2
7 10
7 6
7 0
7 0
7 14
7 0
7 14
7 0
7 117
7 2
7 10
7 8
7 0
7 4
7 0
7 4
7 0
7 0
7 0
7 3
7 18
7 0
7 2
7 0
7 10
7 117
7 0
8 0
8 6
8 0
8 0
8 16
8 0
8 2
8 0
8 0
8 0
8 0
8 0
8 0
8 0
8 8
8 0
8 2
8 0
8 0
8 2
8 0
8 0
8 0
8 0
8 10
8 0
8 0
8 8
8 10
8 0
8 0
8 0
8 16
8 0
8 0
8 0
8 0
8 8
8 18
8 14
8 107
8 2
8 2
8 3
8 0
8 4
8 1
8 0
8 4
8 6
9 0
9 0
9 0
9 4
9 0
9 0
9 6
9 214
9 4
9 18
9 0
9 18
9 6
9 0
9 12
9 2
9 10
9 0
9 18
9 0
9 2
9 6
9 8
9 0
9 0
9 0
9 0
9 2
9 0
9 8
9 6
9 0
9 0
9 0
9 0
9 0
9 0
9 0
9 0
9 0
9 4
9 0
9 0
9 0
9 0
9 18
9 0
9 0
9 16
9 16
10 0
10 0
10 2
10 2
10 0
10 16
10 0
10 14
10 0
10 0
10 0
10 0
10 125
10 0
10 18
10 3
10 0
10 0
10 12
10 0
10 0
10 0
10 0
10 0
10 0
10 10
10 2
10 14
10 18
10 14
10 232
10 0
10 6
10 0
10 0
10 0
10 18
10 0
10 0
10 6
10 0
10 1
10 10
10 4
10 10
10 0
10 12
10 10
10 0
10 0
11 6
11 0
11 18
11 0
11 0
11 0
11 6
11 0
11 0
11 0
11 0
11 0
11 0
11 107
11 0
11 8
11 0
11 0
11 16
11 0
11 0
11 0
11 0
11 0
11 0
11 0
11 16
11 0
11 0
11 0
11 0
11 6
11 4
11 12
11 0
11 1
11 10
11 0
11 4
11 0
11 12
11 10
11 2
11 18
11 0
11 0
11 0
11 0
11 0
11 0
12 4
12 0
12 16
12 18
12 0
12 113
12 0
12 6
12 0
12 1
12 14
12 0
12 0
12 12
12 0
12 0
12 8
12 6
12 0
12 12
12 0
12 0
12 12
12 0
12 0
12 0
12 4
12 0
12 2
12 2
12 18
12 0
12 14
12 0
12 4
12 10
12 6
12 18
12 0
12 0
12 0
12 14
12 0
12 6
12 16
12 14
12 16
12 0
12 4
12 0
13 0
13 18
13 0
13 0
13 0
13 0
13 2
13 1
13 0
13 1
13 4
13 14
13 10
13 0
13 4
13 0
13 0
13 8
13 0
13 0
13 16
13 16
13 2
13 117
13 0
13 0
13 0
13 0
13 12
13 10
13 12
13 0
13 10
13 0
13 0
13 6
13 103
13 0
13 2
13 0
13 18
13 6
13 2
13 0
13 14
13 14
13 101
13 12
13 18
13 208
14 6
14 0
14 0
14 0
14 18
14 2
14 1
14 0
14 0
14 6
14 8
14 2
14 2
14 8
14 2
14 0
14 18
14 2
14 6
14 0
14 0
14 14
14 14
14 0
14 0
14 8
14 0
14 6
14 115
14 1
14 0
14 0
14 0
14 6
14 4
14 16
14 18
14 2
14 4
14 0
14 0
14 3
14 6
14 2
14 0
14 0
14 4
14 0
14 6
14 6
15 131
15 0
15 4
15 6
15 0
15 0
15 4
15 0
15 6
15 0
15 16
15 2
15 0
15 0
15 0
15 0
15 0
15 16
15 16
15 8
15 0
15 6
15 10
15 8
15 4
15 0
15 0
15 4
15 0
15 2
15 0
15 20
15 14
15 0
15 8
15 0
15 0
15 0
15 0
15 6
15 115
15 14
15 18
15 0
15 0
15 0
15 0
15 6
15 2
15 18
16 12
16 0
16 1
16 0
16 4
16 0
16 10
16 0
16 2
16 14
16 18
16 0
16 6
16 0
16 2
16 119
16 14
16 16
16 0
16 2
16 0
16 0
16 97
16 107
16 6
16 8
16 2
16 0
16 14
16 10
16 12
16 0
16 6
16 96
16 0
16 0
16 0
16 0
16 0
16 1
16 4
16 0
16 0
16 14
16 0
16 2
16 115
16 0
16 2
16 4
17 0
17 108
17 2
17 18
17 0
17 0
17 0
17 0
17 0
17 0
17 4
17 4
17 0
17 2
17 111
17 0
17 4
17 113
17 8
17 0
17 14
17 4
17 0
17 0
17 0
17 6
17 0
17 0
17 0
17 127
17 0
17 0
17 111
17 0
17 117
17 0
17 0
17 16
17 0
17 0
17 107
17 1
17 0
17 2
17 0
17 0
17 0
17 0
17 0
17 1
18 0
18 0
18 4
18 0
18 10
18 18
18 10
18 0
18 0
18 8
18 1
18 2
18 0
18 0
18 0
18 2
18 0
18 0
18 0
18 0
18 4
18 2
18 0
18 0
18 12
18 0
18 0
18 4
18 0
18 0
18 246
18 117
18 0
18 401
18 2
18 0
18 1
18 0
18 0
18 113
18 1
18 250
18 0
18 1
18 121
18 8
18 0
18 0
18 4
18 4
19 2
19 212
19 111
19 6
19 0
19 4
19 0
19 0
19 0
19 2
19 12
19 0
19 8
19 2
19 0
19 4
19 123
19 0
19 0
19 109
19 1
19 4
19 2
19 8
19 10
19 2
19 0
19 0
19 10
19 224
19 0
19 119
19 114
19 2
19 0
19 0
19 18
19 0
19 18
19 10
19 0
19 12
19 0
19 0
19 6
19 115
19 123
19 1
19 258
19 18
20 0
20 0
20 1
20 0
20 4
20 0
20 0
20 2
20 99
20 4
20 224
20 0
20 4
20 12
20 0
20 0
20 0
20 4
20 0
20 0
20 4
20 0
20 4
20 117
20 109
20 18
20 0
20 4
20 105
20 8
20 159
20 0
20 0
20 2
20 0
20 18
20 1
20 0
20 0
20 14
20 0
20 113
20 10
20 0
20 0
20 4
20 2
20 0
20 111
20 16
21 125
21 0
21 18
21 0
21 0
21 0
21 4
21 0
21 4
21 0
21 0
21 4
21 2
21 0
21 0
21 0
21 1
21 0
21 0
21 1
21 0
21 0
21 284
21 115
21 4
21 0
21 20
21 0
21 115
21 0
21 0
21 103
21 18
21 0
21 0
21 343
21 111
21 0
21 6
21 113
21 0
21 107
21 8
21 101
21 8
21 111
21 115
21 0
21 112
21 121
22 0
22 0
22 12
22 4
22 0
22 1
22 0
22 2
22 6
22 0
22 4
22 0
22 4
22 0
22 0
22 0
22 0
22 0
22 0
22 4
22 101
22 0
22 0
22 0
22 14
22 0
22 0
22 115
22 236
22 0
22 6
22 0
22 0
22 2
22 2
22 0
22 129
22 113
22 0
22 1
22 1
22 115
22 6
22 4
22 1
22 0
22 4
22 0
22 0
22 0
23 111
23 0
23 16
23 0
23 0
23 1157
23 10
23 0
23 0
23 0
23 22
23 113
23 4
23 0
23 0
23 0
23 115
23 0
23 8
23 4
23 4
23 111
23 0
23 0
23 0
23 109
23 121
23 0
23 0
23 0
23 0
23 115
23 14
23 0
23 0
23 18
23 0
23 0
23 0
23 242
23 14
23 0
23 0
23 8
23 4
23 1
23 0
23 0
23 8
23 0
24 2134
24 117
24 2
24 0
24 101
24 2
24 0
24 0
24 0
24 101
24 10
24 4
24 1
24 214
24 10
24 0
24 0
24 2
24 345
24 1
24 0
24 8
24 4
24 1
24 224
24 0
24 4
24 357
24 0
24 2
24 0
24 101
24 4
24 12
24 0
24 10
24 0
24 2
24 2
24 8
24 4
24 6
24 115
24 117
24 0
24 10
24 103
24 0
24 2
24 14
25 0
25 342
25 119
25 0
25 111
25 16
25 2
25 12
25 0
25 0
25 4
25 1
25 0
25 115
25 4
25 2
25 0
25 8
25 107
25 438
25 0
25 0
25 0
25 0
25 0
25 2
25 116
25 108
25 0
25 2
25 119
25 0
25 0
25 8
25 10
25 2
25 0
25 103
25 0
25 97
25 99
25 113
25 10
25 0
25 0
25 2
25 111
25 0
25 0
25 119
26 0
26 0
26 1
26 1178
26 4
26 6
26 0
26 10
26 121
26 0
26 117
26 0
26 0
26 0
26 0
26 0
26 117
26 0
26 8
26 204
26 0
26 108
26 0
26 4
26 111
26 0
26 107
26 224
26 113
26 0
26 0
26 4
26 0
26 4
26 222
26 1
26 14
26 0
26 14
26 12
26 8
26 111
26 0
26 8
26 317
26 0
26 0
26 0
26 454
26 2
27 0
27 2
27 0
27 119
27 0
27 3
27 228
27 6
27 125
27 112
27 12
27 4
27 0
27 236
27 0
27 135
27 2
27 0
27 0
27 367
27 0
27 0
27 6
27 4
27 2
27 0
27 4
27 0
27 0
27 6
27 0
27 4
27 0
27 127
27 222
27 6
27 376
27 97
27 0
27 216
27 0
27 0
27 2
27 0
27 99
27 0
27 0
27 103
27 123
27 0
28 1160
28 119
28 106
28 0
28 0
28 0
28 0
28 0
28 371
28 0
28 0
28 0
28 303
28 0
28 105
28 0
28 113
28 0
28 4
28 0
28 226
28 115
28 0
28 1
28 125
28 14
28 0
28 103
28 0
28 265
28 8
28 6
28 2
28 0
28 0
28 0
28 117
28 8
28 1
28 0
28 0
28 1
28 0
28 8
28 101
28 117
28 121
28 0
28 0
28 0
29 0
29 1
29 0
29 734
29 246
29 107
29 0
29 0
29 0
29 4
29 6
29 103
29 1778
29 692
29 121
29 0
29 996
29 111
29 0
29 2
29 198
29 10
29 0
29 12
29 0
29 2
29 127
29 464
29 0
29 4
29 1886
29 0
29 4
29 0
29 341
29 0
29 0
29 2
29 0
29 2
29 0
29 2
29 115
29 1
29 264
29 113
29 0
29 0
29 232
29 458
30 212
30 4
30 208
30 0
30 0
30 113
30 0
30 0
30 0
30 0
30 474
30 18
30 0
30 4
30 0
30 0
30 0
30 4
30 2
30 0
30 569
30 4
30 0
30 0
30 0
30 645
30 0
30 1
30 0
30 18
30 708
30 0
30 2
30 127
30 1136
30 0
30 0
30 0
30 115
30 1
30 14
30 724
30 0
30 16
30 0
30 0
30 210
30 0
30 8
30 0
31 494
31 122
31 0
31 220
31 0
31 697
31 10
31 0
31 0
31 115
31 125
31 0
31 12
31 0
31 218
31 0
31 4
31 2
31 0
31 663
31 0
31 117
31 935
31 0
31 2
31 0
31 0
31 0
31 16
31 1
31 0
31 117
31 0
31 113
31 240
31 1670
31 0
31 707
31 2
31 2
31 0
31 0
31 107
31 0
31 8
31 0
31 2
31 0
31 0
31 0
32 0
32 119
32 0
32 2
32 1475
32 2
32 22
32 0
32 0
32 0
32 462
32 111
32 1
32 0
32 0
32 0
32 2
32 609
32 0
32 1
32 0
32 1
32 0
32 830
32 0
32 1
32 119
32 1
32 0
32 1196
32 0
32 0
32 107
32 124
32 420
32 108
32 0
32 0
32 1437
32 700
32 0
32 0
32 0
32 0
32 12
32 0
32 341
32 214
32 0
32 460
33 659
33 0
33 0
33 0
33 105
33 689
33 2
33 0
33 12
33 0
33 0
33 125
33 0
33 348
33 117
33 111
33 0
33 0
33 109
33 2039
33 0
33 0
33 115
33 2
33 0
33 0
33 1
33 228
33 249
33 663
33 119
33 0
33 128
33 0
33 0
33 1
33 16
33 0
33 113
33 0
33 0
33 0
33 1
33 0
33 0
33 114
33 0
33 0
33 701
33 2
34 0
34 0
34 0
34 0
34 115
34 0
34 1136
34 968
34 6
34 0
34 536
34 0
34 0
34 568
34 0
34 878
34 900
34 117
34 14
34 0
34 1
34 0
34 0
34 4
34 2
34 112
34 0
34 0
34 0
34 8
34 0
34 0
34 104
34 336
34 0
34 4
34 4
34 0
34 4
34 357
34 0
34 970
34 1
34 0
34 0
34 1615
34 16
34 238
34 8
34 2
35 761
35 114
35 0
35 0
35 0
35 321
35 0
35 4
35 0
35 0
35 307
35 8
35 0
35 0
35 0
35 0
35 662
35 0
35 0
35 606
35 1066
35 2
35 0
35 0
35 14
35 0
35 442
35 0
35 4
35 0
35 0
35 474
35 2
35 2555
35 0
35 0
35 4
35 564
35 0
35 0
35 240
35 128
35 2
35 0
35 232
35 2
35 0
35 114
35 809
35 120
36 1222
36 0
36 0
36 16
36 0
36 0
36 2
36 0
36 242
36 0
36 0
36 0
36 111
36 731
36 18
36 914
36 591
36 115
36 494
36 2
36 0
36 0
36 0
36 0
36 105
36 0
36 0
36 0
36 2
36 6
36 589
36 12
36 268
36 0
36 16
36 0
36 2
36 0
36 0
36 0
36 0
36 0
36 117
36 0
36 0
36 0
36 4
36 0
36 119
36 0
37 2409
37 0
37 664
37 133
37 212
37 0
37 0
37 0
37 10
37 328
37 0
37 0
37 0
37 115
37 732
37 0
37 0
37 0
37 18
37 4
37 619
37 0
37 501
37 0
37 0
37 0
37 0
37 995
37 0
37 0
37 2
37 107
37 0
37 0
37 1851
37 14
37 101
37 0
37 0
37 2
37 0
37 111
37 10
37 3
37 0
37 1189
37 0
37 4
37 0
37 0
38 0
38 0
38 0
38 4055
38 0
38 4
38 0
38 0
38 115
38 1
38 0
38 1109
38 362
38 0
38 4
38 0
38 226
38 0
38 0
38 218
38 472
38 1045
38 0
38 12
38 0
38 0
38 121
38 117
38 4
38 113
38 16
38 111
38 2
38 2
38 2
38 0
38 97
38 0
38 0
38 0
38 0
38 0
38 2
38 0
38 1264
38 0
38 0
38 349
38 113
38 2
39 2
39 16
39 0
39 0
39 794
39 0
39 883
39 113
39 1095
39 252
39 644
39 344
39 0
39 10
39 0
39 8
39 0
39 16
39 1
39 365
39 0
39 6
39 0
39 0
39 0
39 453
39 0
39 0
39 18
39 416
39 0
39 121
39 0
39 514
39 0
39 1
39 0
39 0
39 0
39 0
39 912
39 0
39 210
39 673
39 0
39 101
39 4
39 2
39 0
39 0
40 0
40 4
40 0
40 0
40 0
40 0
40 1349
40 332
40 113
40 10
40 16
40 115
40 0
40 2
40 0
40 0
40 0
40 0
40 0
40 0
40 0
40 654
40 0
40 119
40 0
40 0
40 2507
40 0
40 0
40 0
40 2
40 0
40 4
40 0
40 421
40 0
40 220
40 0
40 0
40 6
40 215
40 0
40 0
40 4
40 116
40 0
40 2
40 240
40 0
40 0
41 2877
41 0
41 6
41 18
41 0
41 14
41 0
41 0
41 99
41 1
41 0
41 2
41 2222
41 0
41 101
41 0
41 105
41 0
41 0
41 12
41 100
41 0
41 0
41 0
41 258
41 0
41 0
41 131
41 3
41 103
41 0
41 0
41 3505
41 1002
41 4
41 8
41 2
41 0
41 0
41 10
41 16
41 0
41 115
41 331
41 0
41 241
41 16
41 0
41 18
41 0
42 843
42 6
42 457
42 2
42 0
42 0
42 0
42 0
42 1
42 0
42 218
42 0
42 104
42 6
42 105
42 0
42 0
42 0
42 0
42 0
42 1028
42 0
42 0
42 0
42 0
42 0
42 8
42 0
42 0
42 2
42 0
42 0
42 0
42 121
42 0
42 6
42 522
42 361
42 0
42 0
42 0
42 0
42 3
42 10
42 0
42 1
42 10
42 2
42 10
42 0
43 0
43 0
43 0
43 99
43 0
43 0
43 533
43 0
43 2
43 1
43 0
43 107
43 2
43 0
43 563
43 0
43 18
43 0
43 0
43 470
43 0
43 2792
43 0
43 2
43 16
43 2
43 115
43 0
43 222
43 0
43 0
43 2
43 0
43 0
43 0
43 103
43 0
43 3
43 214
43 0
43 1783
43 0
43 110
43 2
43 0
43 0
43 0
43 0
43 0
43 0
44 1033
44 820
44 0
44 0
44 0
44 0
44 1443
44 0
44 4
44 0
44 6
44 252
44 0
44 14
44 0
44 227
44 0
44 340
44 0
44 0
44 231
44 3
44 0
44 0
44 1
44 0
44 0
44 1155
44 222
44 8
44 0
44 16
44 0
44 1302
44 0
44 0
44 109
44 6
44 14
44 105
44 480
44 0
44 6
44 4
44 220
44 0
44 0
44 12
44 0
44 0
45 225
45 6
45 0
45 10
45 0
45 0
45 1688
45 0
45 131
45 246
45 0
45 226
45 441
45 2082
45 0
45 0
45 0
45 0
45 0
45 0
45 207
45 0
45 105
45 0
45 0
45 0
45 10
45 0
45 0
45 1690
45 0
45 0
45 0
45 0
45 0
45 0
45 0
45 0
45 0
45 221
45 284
45 121
45 0
45 1272
45 1
45 126
45 0
45 2431
45 0
45 0
46 1664
46 1
46 0
46 6
46 12
46 0
46 403
46 368
46 243
46 1
46 0
46 1
46 1067
46 1568
46 4
46 2
46 1527
46 0
46 0
46 0
46 0
46 8
46 1767
46 0
46 18
46 0
46 0
46 0
46 0
46 0
46 91
46 0
46 480
46 117
46 0
46 0
46 113
46 0
46 230
46 0
46 111
46 0
46 0
46 2
46 0
46 2
46 1
46 0
46 0
46 14
47 0
47 0
47 0
47 111
47 107
47 0
47 2
47 0
47 0
47 0
47 0
47 0
47 0
47 0
47 0
47 694
47 0
47 1545
47 0
47 207
47 0
47 4
47 8
47 0
47 107
47 0
47 0
47 121
47 0
47 2
47 119
47 125
47 0
47 111
47 0
47 0
47 0
47 0
47 214
47 16
47 2521
47 781
47 375
47 0
47 0
47 2
47 1330
47 4
47 1659
47 14
48 0
48 6
48 2
48 0
48 0
48 0
48 226
48 837
48 5
48 4
48 444
48 1
48 1
48 0
48 356
48 0
48 0
48 0
48 0
48 254
48 2
48 227
48 0
48 604
48 0
48 0
48 0
48 12
48 0
48 0
48 831
48 0
48 0
48 1006
48 0
48 0
48 2023
48 1856
48 0
48 0
48 0
48 0
48 102
48 115
48 0
48 445
48 468
48 208
48 0
48 10
49 1760
49 1487
49 14
49 4
49 357
49 0
49 103
49 0
49 0
49 779
49 216
49 0
49 654
49 0
49 3
49 0
49 1
49 111
49 932
49 239
49 1437
49 0
49 0
49 862
49 844
49 248
49 0
49 0
49 0
49 0
49 109
49 0
49 2
49 0
49 0
49 102
49 2
49 6
49 0
49 3
49 1
49 384
49 0
49 12
49 216
49 0
49 2066
49 8
49 0
49 2
50 1784
50 1502
50 975
50 0
50 0
50 548
50 2
50 1244
50 0
50 0
50 0
50 1620
50 0
50 113
50 1080
50 123
50 0
50 0
50 0
50 2
50 2
50 3
50 0
50 279
50 0
50 2
50 348
50 0
50 1
50 0
50 117
50 119
50 111
50 0
50 106
50 0
50 1934
50 220
50 0
50 0
50 0
50 0
50 2
50 0
50 0
50 0
50 3
50 113
50 279
50 0
51 2690
51 113
51 0
51 0
51 2
51 2
51 2
51 2
51 0
51 0
51 3
51 0
51 5
51 2
51 0
51 0
51 0
51 1
51 665
51 2
51 437
51 2006
51 0
51 817
51 0
51 2
51 1
51 473
51 226
51 2
51 0
51 0
51 0
51 409
51 0
51 2
51 5
51 0
51 97
51 0
51 96
51 0
51 105
51 10
51 0
51 349
51 18
51 2
51 0
51 2
52 1185
52 0
52 0
52 0
52 2
52 0
52 218
52 0
52 944
52 4
52 0
52 0
52 0
52 0
52 18
52 98
52 106
52 0
52 97
52 0
52 0
52 0
52 4
52 0
52 0
52 1
52 129
52 0
52 6
52 123
52 1882
52 1675
52 0
52 4
52 0
52 0
52 0
52 0
52 0
52 0
52 0
52 0
52 0
52 889
52 0
52 2
52 8
52 0
52 8
52 0
53 0
53 555
53 2
53 0
53 0
53 2
53 222
53 821
53 0
53 10
53 110
53 0
53 0
53 117
53 3
53 0
53 0
53 99
53 0
53 0
53 0
53 521
53 218
53 0
53 0
53 0
53 1048
53 0
53 19
53 8
53 270
53 0
53 8
53 123
53 0
53 0
53 313
53 10
53 124
53 0
53 0
53 238
53 0
53 352
53 0
53 0
53 0
53 8
53 0
53 2
54 0
54 0
54 0
54 0
54 126
54 8
54 820
54 0
54 399
54 0
54 1
54 0
54 484
54 0
54 18
54 0
54 101
54 3
54 0
54 2
54 0
54 1330
54 1673
54 1
54 103
54 4
54 4382
54 0
54 0
54 0
54 0
54 115
54 0
54 0
54 490
54 0
54 0
54 0
54 0
54 517
54 12
54 112
54 0
54 0
54 0
54 482
54 0
54 2
54 18
54 105
55 0
55 0
55 0
55 4
55 0
55 3151
55 0
55 0
55 0
55 117
55 0
55 0
55 0
55 1059
55 0
55 2
55 6
55 774
55 0
55 113
55 859
55 228
55 0
55 2
55 2
55 0
55 0
55 1
55 14
55 6
55 943
55 1114
55 0
55 0
55 0
55 0
55 2
55 0
55 0
55 1231
55 0
55 0
55 14
55 119
55 0
55 116
55 478
55 0
55 0
55 98
56 0
56 0
56 1307
56 2
56 253
56 2170
56 116
56 3
56 246
56 6
56 10
56 2
56 773
56 117
56 2
56 0
56 212
56 107
56 781
56 0
56 0
56 1177
56 1
56 0
56 1498
56 0
56 1
56 12
56 2
56 1048
56 2
56 14
56 0
56 0
56 1416
56 1158
56 2895
56 0
56 96
56 640
56 1738
56 0
56 0
56 722
56 4
56 14
56 235
56 0
56 0
56 0
57 0
57 0
57 109
57 453
57 3
57 2
57 2
57 0
57 881
57 2
57 0
57 0
57 580
57 0
57 882
57 2565
57 0
57 0
57 764
57 10
57 0
57 0
57 1251
57 546
57 18
57 0
57 0
57 0
57 0
57 4
57 18
57 0
57 0
57 0
57 0
57 0
57 704
57 4
57 2
57 2
57 99
57 117
57 3378
57 333
57 0
57 0
57 0
57 0
57 0
57 207
58 0
58 0
58 0
58 6
58 0
58 2
58 0
58 133
58 0
58 0
58 0
58 117
58 1
58 0
58 10
58 826
58 0
58 0
58 0
58 219
58 220
58 232
58 0
58 771
58 2
58 0
58 0
58 16
58 2
58 113
58 0
58 0
58 2601
58 0
58 0
58 630
58 0
58 8
58 354
58 0
58 2
58 0
58 96
58 0
58 0
58 417
58 0
58 706
58 1309
58 123
59 0
59 2039
59 0
59 6
59 0
59 96
59 0
59 0
59 0
59 20
59 0
59 444
59 163
59 0
59 226
59 118
59 2486
59 155
59 0
59 0
59 113
59 5
59 19
59 371
59 0
59 12
59 0
59 0
59 2
59 1582
59 0
59 0
59 0
59 2
59 886
59 0
59 2
59 123
59 0
59 0
59 8
59 4
59 0
59 969
59 227
59 109
59 0
59 10
59 12
59 218
60 1625
60 0
60 2118
60 0
60 0
60 0
60 0
60 4
60 2
60 0
60 110
60 0
60 0
60 4
60 461
60 0
60 0
60 1326
60 0
60 1534
60 12
60 0
60 0
60 0
60 12
60 0
60 0
60 354
60 0
60 2
60 0
60 2
60 124
60 2
60 0
60 4
60 0
60 0
60 0
60 0
60 0
60 1791
60 133
60 115
60 2
60 0
60 589
60 0
60 0
60 6
61 1608
61 0
61 469
61 639
61 586
61 0
61 357
61 16
61 329
61 0
61 109
61 4
61 0
61 2
61 0
61 1146
61 0
61 100
61 4
61 115
61 0
61 0
61 0
61 0
61 0
61 206
61 1001
61 0
61 0
61 0
61 16
61 2
61 2
61 1
61 4
61 215
61 115
61 0
61 0
61 1332
61 576
61 4
61 0
61 0
61 0
61 0
61 109
61 0
61 116
61 2
62 0
62 113
62 0
62 215
62 1531
62 125
62 119
62 6
62 10
62 222
62 0
62 124
62 0
62 8
62 97
62 6
62 0
62 1016
62 1
62 0
62 129
62 0
62 0
62 0
62 1
62 107
62 119
62 12
62 0
62 8
62 0
62 0
62 0
62 0
62 0
62 0
62 4
62 0
62 222
62 747
62 0
62 0
62 0
62 0
62 0
62 0
62 16
62 0
62 360
62 1363
63 0
63 0
63 0
63 148
63 0
63 332
63 0
63 0
63 0
63 0
63 12
63 8
63 0
63 10
63 0
63 0
63 0
63 417
63 0
63 0
63 0
63 0
63 0
63 411
63 538
63 249
63 0
63 365
63 0
63 339
63 901
63 112
63 16
63 390
63 0
63 15
63 0
63 949
63 2
63 119
63 12
63 0
63 2
63 0
63 117
63 0
63 1
63 2755
63 971
63 14
64 0
64 0
64 0
64 0
64 131
64 1686
64 3
64 0
64 0
64 6
64 0
64 0
64 0
64 1558
64 0
64 10
64 0
64 107
64 2
64 0
64 929
64 10
64 6
64 8
64 0
64 0
64 0
64 0
64 0
64 0
64 0
64 0
64 0
64 680
64 0
64 0
64 10
64 248
64 236
64 0
64 6
64 0
64 1282
64 1021
64 0
64 0
64 2
64 0
64 2
64 2527
65 318
65 0
65 0
65 0
65 0
65 0
65 16
65 101
65 3
65 0
65 0
65 0
65 2
65 106
65 109
65 0
65 217
65 122
65 0
65 0
65 0
65 0
65 0
65 0
65 0
65 0
65 123
65 0
65 123
65 1
65 0
65 119
65 0
65 0
65 1184
65 14
65 0
65 0
65 232
65 1
65 694
65 292
65 0
65 0
65 0
65 0
65 0
65 109
65 557
65 0
66 0
66 8
66 113
66 585
66 0
66 14
66 0
66 18
66 0
66 8
66 4
66 0
66 113
66 1
66 0
66 0
66 818
66 0
66 0
66 2
66 0
66 0
66 4
66 1030
66 1
66 1308
66 218
66 1
66 0
66 0
66 0
66 0
66 149
66 0
66 6
66 0
66 0
66 104
66 158
66 0
66 14
66 2
66 1369
66 2
66 4
66 18
66 0
66 18
66 0
66 0
67 0
67 12
67 113
67 110
67 0
67 2
67 498
67 272
67 802
67 0
67 0
67 0
67 0
67 0
67 4
67 1
67 0
67 6
67 0
67 4
67 2
67 210
67 2
67 0
67 291
67 1
67 0
67 0
67 1
67 1
67 129
67 659
67 547
67 553
67 2
67 0
67 0
67 0
67 1
67 925
67 586
67 6
67 680
67 0
67 2
67 220
67 121
67 0
67 4
67 14
68 2486
68 0
68 128
68 210
68 14
68 0
68 0
68 14
68 0
68 0
68 1151
68 346
68 0
68 0
68 0
68 121
68 115
68 0
68 0
68 895
68 107
68 985
68 0
68 107
68 1
68 14
68 5
68 0
68 16
68 2
68 0
68 6
68 0
68 0
68 0
68 212
68 336
68 361
68 0
68 0
68 0
68 0
68 0
68 0
68 0
68 0
68 0
68 0
68 0
68 4
69 1243
69 2
69 0
69 99
69 0
69 113
69 0
69 3
69 109
69 6
69 0
69 0
69 1908
69 0
69 115
69 12
69 787
69 16
69 1020
69 4
69 2
69 2
69 0
69 109
69 898
69 12
69 1
69 0
69 118
69 530
69 0
69 448
69 97
69 18
69 1
69 6
69 105
69 0
69 0
69 0
69 0
69 832
69 453
69 0
69 111
69 1
69 0
69 532
69 107
69 4
70 1886
70 0
70 111
70 0
70 0
70 122
70 8
70 628
70 0
70 0
70 0
70 0
70 127
70 0
70 0
70 0
70 1453
70 1140
70 1242
70 0
70 0
70 0
70 359
70 0
70 0
70 2
70 1324
70 10
70 0
70 111
70 2
70 2
70 0
70 0
70 0
70 947
70 1091
70 115
70 10
70 0
70 0
70 0
70 244
70 10
70 281
70 0
70 0
70 0
70 0
70 2
71 754
71 0
71 0
71 1433
71 0
71 246
71 14
71 0
71 356
71 2
71 1094
71 0
71 0
71 4
71 349
71 4
71 0
71 8
71 0
71 0
71 0
71 10
71 8
71 8
71 0
71 113
71 2
71 2
71 0
71 0
71 0
71 0
71 0
71 0
71 105
71 0
71 0
71 366
71 113
71 106
71 0
71 0
71 0
71 162
71 0
71 0
71 1054
71 0
71 0
71 0
72 115
72 385
72 2
72 0
72 0
72 545
72 0
72 0
72 2
72 103
72 103
72 891
72 241
72 0
72 0
72 1202
72 17
72 112
72 0
72 0
72 2
72 105
72 0
72 2
72 0
72 10
72 113
72 0
72 2
72 0
72 564
72 110
72 800
72 442
72 0
72 0
72 0
72 0
72 0
72 0
72 109
72 0
72 6
72 0
72 0
72 4
72 128
72 6
72 0
72 14
73 0
73 10
73 0
73 0
73 0
73 113
73 333
73 4
73 2
73 0
73 117
73 696
73 0
73 0
73 2
73 6
73 0
73 0
73 2
73 96
73 728
73 0
73 826
73 4
73 0
73 2
73 0
73 12
73 0
73 6
73 0
73 16
73 0
73 0
73 0
73 0
73 2
73 128
73 0
73 0
73 1
73 431
73 808
73 2
73 0
73 4
73 2
73 0
73 4
73 579
74 0
74 0
74 3
74 0
74 1
74 245
74 413
74 4
74 8
74 0
74 0
74 2
74 119
74 8
74 0
74 0
74 2
74 0
74 109
74 0
74 0
74 8
74 1
74 0
74 8
74 0
74 0
74 0
74 0
74 93
74 4
74 0
74 0
74 8
74 981
74 0
74 8
74 484
74 4
74 16
74 212
74 3
74 110
74 0
74 0
74 14
74 18
74 816
74 107
74 0
75 0
75 0
75 4
75 0
75 553
75 0
75 127
75 4
75 105
75 0
75 0
75 4
75 2
75 2
75 2
75 3
75 129
75 0
75 0
75 6
75 0
75 0
75 248
75 0
75 2
75 0
75 0
75 0
75 121
75 0
75 3
75 0
75 4
75 0
75 2
75 1
75 0
75 0
75 111
75 3
75 2
75 0
75 4
75 6
75 256
75 0
75 375
75 97
75 0
75 2
76 0
76 3
76 375
76 2
76 0
76 0
76 125
76 1
76 0
76 161
76 3
76 0
76 0
76 0
76 6
76 0
76 0
76 1
76 0
76 2
76 0
76 581
76 0
76 1
76 0
76 0
76 0
76 0
76 0
76 4
76 0
76 3
76 598
76 0
76 18
76 0
76 477
76 0
76 4
76 8
76 103
76 0
76 0
76 2
76 4
76 10
76 0
76 0
76 0
76 0
77 125
77 0
77 2
77 0
77 127
77 0
77 16
77 139
77 0
77 349
77 0
77 0
77 0
77 2
77 8
77 448
77 2
77 0
77 214
77 1
77 0
77 0
77 18
77 14
77 0
77 10
77 18
77 125
77 2
77 131
77 506
77 0
77 234
77 115
77 0
77 117
77 0
77 0
77 0
77 392
77 2
77 6
77 0
77 4
77 0
77 0
77 0
77 3
77 0
77 0
78 0
78 2
78 0
78 4
78 0
78 224
78 0
78 0
78 0
78 14
78 0
78 0
78 6
78 0
78 12
78 6
78 3
78 512
78 14
78 2
78 0
78 214
78 0
78 256
78 226
78 20
78 0
78 925
78 109
78 103
78 0
78 0
78 0
78 0
78 18
78 2
78 0
78 0
78 115
78 16
78 110
78 0
78 0
78 0
78 127
78 0
78 0
78 107
78 0
78 438
79 114
79 106
79 0
79 6
79 0
79 236
79 0
79 18
79 545
79 0
79 153
79 8
79 4
79 117
79 117
79 0
79 125
79 125
79 0
79 0
79 0
79 10
79 0
79 1664
79 113
79 0
79 0
79 0
79 14
79 0
79 2
79 121
79 0
79 339
79 0
79 0
79 249
79 0
79 107
79 2
79 18
79 0
79 110
79 0
79 0
79 121
79 123
79 117
79 99
79 4
80 551
80 1
80 0
80 612
80 4
80 123
80 113
80 0
80 0
80 101
80 0
80 373
80 2
80 0
80 0
80 0
80 229
80 0
80 2
80 0
80 0
80 16
80 1
80 0
80 0
80 0
80 4
80 4
80 656
80 115
80 2
80 0
80 0
80 2
80 0
80 107
80 0
80 0
80 0
80 2
80 0
80 3
80 107
80 0
80 4
80 583
80 6
80 711
80 14
80 1
81 0
81 2
81 0
81 0
81 0
81 585
81 0
81 499
81 6
81 1
81 100
81 10
81 879
81 0
81 0
81 0
81 0
81 8
81 0
81 0
81 0
81 0
81 3
81 613
81 115
81 18
81 353
81 101
81 110
81 326
81 2
81 0
81 109
81 0
81 103
81 6
81 0
81 0
81 0
81 0
81 0
81 111
81 0
81 0
81 113
81 0
81 623
81 123
81 0
81 10
82 979
82 121
82 0
82 0
82 116
82 2
82 351
82 2
82 3
82 2
82 8
82 0
82 2
82 1225
82 99
82 0
82 123
82 0
82 16
82 18
82 0
82 2
82 0
82 0
82 0
82 709
82 0
82 6
82 0
82 0
82 504
82 0
82 0
82 0
82 0
82 0
82 255
82 0
82 0
82 0
82 0
82 2
82 2
82 105
82 0
82 0
82 375
82 0
82 0
82 466
83 0
83 121
83 0
83 0
83 0
83 0
83 212
83 105
83 2
83 0
83 0
83 1324
83 465
83 0
83 0
83 0
83 618
83 225
83 0
83 10
83 114
83 215
83 6
83 0
83 125
83 0
83 0
83 718
83 0
83 125
83 307
83 2
83 113
83 4
83 106
83 1180
83 115
83 0
83 102
83 121
83 0
83 0
83 0
83 109
83 0
83 4
83 116
83 115
83 3
83 657
84 548
84 0
84 4
84 0
84 0
84 0
84 0
84 0
84 0
84 369
84 2
84 0
84 117
84 113
84 117
84 4
84 4
84 354
84 12
84 0
84 3
84 10
84 2
84 0
84 0
84 986
84 116
84 0
84 0
84 18
84 2
84 1
84 5
84 0
84 130
84 111
84 0
84 220
84 2
84 0
84 1496
84 8
84 121
84 0
84 18
84 0
84 0
84 2
84 0
84 1
85 471
85 0
85 0
85 8
85 10
85 466
85 3
85 1
85 6
85 2
85 728
85 107
85 109
85 6
85 0
85 1
85 6
85 0
85 0
85 633
85 345
85 0
85 96
85 1122
85 362
85 797
85 3
85 0
85 120
85 129
85 0
85 230
85 211
85 0
85 0
85 116
85 0
85 14
85 4
85 0
85 123
85 4
85 0
85 354
85 2
85 107
85 0
85 0
85 0
85 2
86 429
86 0
86 0
86 10
86 3
86 639
86 0
86 713
86 2
86 0
86 0
86 123
86 0
86 361
86 232
86 0
86 10
86 0
86 8
86 0
86 124
86 0
86 500
86 0
86 141
86 2
86 0
86 20
86 0
86 0
86 122
86 0
86 2
86 0
86 0
86 0
86 0
86 123
86 0
86 105
86 2
86 0
86 0
86 0
86 0
86 3
86 0
86 2
86 4
86 113
87 122
87 0
87 366
87 0
87 0
87 18
87 0
87 0
87 14
87 12
87 101
87 2
87 0
87 1
87 14
87 112
87 119
87 0
87 0
87 0
87 4
87 0
87 3
87 0
87 2
87 2
87 0
87 6
87 0
87 6
87 0
87 0
87 678
87 135
87 0
87 0
87 0
87 20
87 0
87 0
87 1301
87 2
87 115
87 0
87 0
87 0
87 520
87 675
87 0
87 4
88 0
88 0
88 1
88 350
88 14
88 119
88 0
88 0
88 0
88 3
88 233
88 0
88 0
88 0
88 6
88 0
88 795
88 2
88 12
88 0
88 1
88 0
88 2
88 411
88 0
88 0
88 656
88 0
88 0
88 18
88 0
88 579
88 351
88 1033
88 4
88 0
88 16
88 260
88 0
88 0
88 6
88 440
88 6
88 0
88 0
88 0
88 0
88 0
88 981
88 624
89 449
89 0
89 3
89 0
89 777
89 0
89 1111
89 0
89 0
89 102
89 396
89 371
89 0
89 113
89 2
89 141
89 8
89 0
89 0
89 314
89 111
89 2
89 0
89 0
89 566
89 2
89 107
89 18
89 0
89 1
89 0
89 704
89 4
89 0
89 213
89 0
89 0
89 0
89 0
89 1
89 0
89 119
89 0
89 562
89 2
89 115
89 596
89 3
89 481
89 0
90 925
90 0
90 2
90 0
90 0
90 0
90 0
90 726
90 0
90 0
90 0
90 18
90 2
90 0
90 0
90 339
90 0
90 0
90 0
90 0
90 123
90 0
90 0
90 333
90 3
90 0
90 536
90 905
90 352
90 676
90 0
90 214
90 0
90 10
90 323
90 0
90 5
90 20
90 0
90 0
90 500
90 345
90 2
90 2
90 0
90 4
90 437
90 0
90 2
90 121
91 0
91 1
91 0
91 0
91 0
91 3
91 0
91 0
91 16
91 435
91 2
91 2
91 0
91 0
91 0
91 0
91 4
91 0
91 0
91 1
91 1167
91 0
91 244
91 242
91 0
91 350
91 14
91 18
91 142
91 445
91 840
91 14
91 0
91 133
91 16
91 0
91 18
91 16
91 12
91 0
91 671
91 0
91 2
91 0
91 0
91 0
91 0
91 2
91 0
91 0
92 18
92 399
92 0
92 0
92 0
92 2
92 109
92 115
92 0
92 12
92 344
92 3
92 111
92 0
92 470
92 960
92 0
92 18
92 0
92 1018
92 0
92 0
92 730
92 6
92 16
92 351
92 0
92 0
92 18
92 4
92 2
92 4
92 0
92 0
92 2
92 403
92 2136
92 131
92 8
92 667
92 6
92 143
92 6
92 14
92 0
92 18
92 0
92 8
92 0
92 10
93 0
93 0
93 0
93 0
93 6
93 0
93 458
93 0
93 522
93 0
93 8
93 0
93 14
93 0
93 4
93 2
93 0
93 2
93 0
93 6
93 6
93 0
93 0
93 2
93 0
93 0
93 16
93 373
93 105
93 255
93 0
93 16
93 0
93 996
93 0
93 0
93 0
93 2
93 0
93 14
93 0
93 6
93 469
93 654
93 314
93 1
93 1026
93 0
93 0
93 0
94 0
94 0
94 4
94 0
94 0
94 0
94 429
94 0
94 2
94 0
94 0
94 0
94 109
94 0
94 0
94 3
94 6
94 0
94 0
94 0
94 0
94 355
94 0
94 969
94 0
94 0
94 8
94 1302
94 0
94 0
94 104
94 344
94 0
94 671
94 0
94 0
94 14
94 0
94 0
94 0
94 0
94 0
94 478
94 10
94 272
94 0
94 340
94 1038
94 0
94 2
95 0
95 2
95 5
95 0
95 126
95 1683
95 547
95 0
95 0
95 1
95 6
95 0
95 10
95 2
95 0
95 0
95 481
95 0
95 18
95 0
95 2
95 0
95 0
95 0
95 0
95 0
95 605
95 264
95 2
95 0
95 0
95 0
95 2
95 105
95 504
95 0
95 0
95 2
95 2
95 111
95 18
95 213
95 117
95 588
95 0
95 0
95 0
95 2
95 750
95 10
96 260
96 107
96 127
96 18
96 0
96 4
96 127
96 466
96 0
96 0
96 0
96 0
96 0
96 0
96 592
96 0
96 0
96 0
96 0
96 3
96 6
96 6
96 6
96 0
96 0
96 0
96 0
96 0
96 0
96 0
96 6
96 0
96 0
96 2
96 212
96 0
96 317
96 0
96 14
96 0
96 14
96 120
96 771
96 4
96 1
96 876
96 0
96 18
96 0
96 0
97 2
97 589
97 0
97 148
97 8
97 995
97 0
97 1
97 0
97 3
97 0
97 0
97 214
97 0
97 14
97 0
97 0
97 1
97 0
97 0
97 0
97 0
97 101
97 4
97 2
97 4
97 0
97 584
97 0
97 0
97 432
97 0
97 0
97 16
97 0
97 0
97 0
97 0
97 0
97 4
97 0
97 0
97 507
97 0
97 14
97 0
97 0
97 0
97 2
97 0
98 1169
98 99
98 0
98 0
98 577
98 0
98 0
98 4
98 8
98 18
98 0
98 0
98 16
98 0
98 233
98 0
98 0
98 0
98 1064
98 472
98 0
98 0
98 0
98 145
98 0
98 531
98 18
98 0
98 0
98 4
98 0
98 2
98 0
98 139
98 113
98 10
98 0
98 0
98 3
98 0
98 2
98 10
98 12
98 0
98 234
98 0
98 547
98 0
98 0
98 0
99 814
99 0
99 553
99 0
99 121
99 0
99 97
99 0
99 114
99 12
99 0
99 2
99 0
99 2
99 1580
99 0
99 159
99 8
99 0
99 111
99 2
99 466
99 0
99 0
99 140
99 18
99 379
99 0
99 0
99 0
99 18
99 127
99 0
99 0
99 0
99 0
99 0
99 2
99 0
99 718
99 426
99 0
99 12
99 370
99 0
99 0
99 16
99 0
99 248
99 14
100 983
100 117
100 3
100 1250
100 753
100 4
100 2
100 0
100 2
100 3
100 1
100 2
100 0
100 0
100 0
100 1070
100 0
100 884
100 2
100 792
100 0
100 0
100 0
100 0
100 12
100 0
100 16
100 2
100 1
100 4
100 0
100 0
100 2
100 222
100 0
100 0
100 0
100 1
100 2
100 0
100 0
100 262
100 2
100 6
100 113
100 20
100 0
100 2
100 0
100 553
101 1642
101 13
101 105
101 0
101 0
101 0
101 691
101 0
101 939
101 6
101 3
101 0
101 0
101 0
101 0
101 3
101 12
101 0
101 0
101 0
101 0
101 123
101 0
101 6
101 4
101 14
101 104
101 4
101 117
101 141
101 0
101 0
101 0
101 0
101 413
101 0
101 115
101 3
101 358
101 0
101 1
101 2
101 0
101 0
101 3
101 0
101 0
101 3
101 0
101 0
102 252
102 2
102 4
102 3
102 0
102 0
102 0
102 0
102 6
102 10
102 0
102 0
102 12
102 0
102 348
102 0
102 0
102 0
102 0
102 0
102 0
102 0
102 0
102 0
102 18
102 0
102 4
102 2
102 6
102 215
102 4
102 2
102 0
102 0
102 2
102 112
102 0
102 4
102 0
102 18
102 0
102 0
102 1266
102 109
102 0
102 0
102 18
102 0
102 4
102 0
103 570
103 3
103 0
103 3
103 3
103 0
103 6
103 0
103 14
103 113
103 779
103 0
103 103
103 0
103 0
103 18
103 0
103 0
103 0
103 1
103 1
103 0
103 131
103 111
103 0
103 0
103 0
103 4
103 105
103 0
103 0
103 0
103 0
103 2
103 18
103 619
103 0
103 6
103 0
103 0
103 0
103 113
103 0
103 2
103 6
103 10
103 0
103 4
103 14
103 8
104 514
104 6
104 0
104 2
104 2
104 0
104 2
104 0
104 2
104 0
104 6
104 113
104 0
104 121
104 3
104 121
104 103
104 0
104 0
104 0
104 0
104 0
104 2
104 0
104 4
104 0
104 8
104 0
104 0
104 0
104 107
104 0
104 0
104 0
104 325
104 0
104 105
104 0
104 0
104 16
104 20
104 2
104 0
104 0
104 0
104 0
104 0
104 4
104 4
104 3
105 20
105 0
105 12
105 3
105 3
105 6
105 2
105 10
105 0
105 18
105 1088
105 823
105 785
105 111
105 499
105 2
105 6
105 0
105 14
105 0
105 18
105 2
105 4
105 16
105 0
105 0
105 0
105 0
105 4
105 0
105 105
105 2
105 4
105 817
105 3
105 0
105 0
105 0
105 0
105 12
105 0
105 4
105 1
105 0
105 0
105 4
105 367
105 0
105 8
105 0
106 0
106 0
106 621
106 6
106 0
106 14
106 0
106 105
106 0
106 218
106 127
106 139
106 6
106 0
106 756
106 0
106 0
106 0
106 14
106 0
106 0
106 0
106 0
106 0
106 0
106 6
106 0
106 4
106 14
106 0
106 2
106 491
106 101
106 0
106 0
106 0
106 0
106 12
106 0
106 0
106 6
106 6
106 6
106 16
106 224
106 0
106 2
106 494
106 2
106 115
107 0
107 2
107 3
107 18
107 1
107 803
107 1005
107 18
107 8
107 4
107 0
107 0
107 0
107 0
107 0
107 0
107 0
107 0
107 6
107 16
107 120
107 0
107 0
107 0
107 129
107 109
107 6
107 97
107 0
107 103
107 0
107 3
107 3
107 6
107 0
107 135
107 3
107 3
107 0
107 16
107 0
107 0
107 488
107 6
107 115
107 0
107 579
107 0
107 0
107 4
108 1021
108 0
108 0
108 6
108 6
108 8
108 109
108 14
108 6
108 2
108 0
108 0
108 0
108 0
108 8
108 0
108 6
108 2
108 611
108 4
108 109
108 14
108 20
108 0
108 0
108 3
108 0
108 0
108 14
108 0
108 0
108 460
108 6
108 4
108 0
108 112
108 0
108 0
108 2
108 0
108 6
108 0
108 4
108 214
108 10
108 14
108 0
108 0
108 946
108 1198
109 234
109 0
109 1
109 1365
109 2
109 0
109 8
109 3
109 117
109 2
109 222
109 3
109 0
109 2
109 8
109 0
109 911
109 2
109 6
109 3
109 12
109 0
109 0
109 243
109 0
109 698
109 476
109 908
109 236
109 6
109 0
109 8
109 0
109 14
109 3
109 218
109 20
109 0
109 14
109 6
109 109
109 0
109 0
109 1
109 6
109 0
109 18
109 0
109 0
109 4
110 0
110 252
110 0
110 127
110 0
110 2
110 4
110 509
110 0
110 441
110 376
110 327
110 0
110 3
110 12
110 0
110 2
110 0
110 10
110 0
110 2
110 0
110 16
110 6
110 588
110 3
110 3
110 226
110 4
110 12
110 2
110 0
110 344
110 2
110 0
110 105
110 18
110 18
110 0
110 119
110 470
110 285
110 0
110 357
110 230
110 0
110 127
110 0
110 234
110 0
111 0
111 6
111 2
111 4
111 114
111 0
111 0
111 0
111 6
111 0
111 121
111 922
111 136
111 0
111 2
111 4
111 0
111 0
111 103
111 0
111 0
111 0
111 100
111 2
111 117
111 16
111 0
111 12
111 2
111 0
111 14
111 0
111 0
111 124
111 10
111 16
111 0
111 0
111 6
111 0
111 0
111 0
111 6
111 0
111 121
111 0
111 8
111 0
111 0
111 2237
112 1128
112 0
112 2
112 1
112 0
112 0
112 4
112 0
112 117
112 0
112 2
112 2
112 20
112 3
112 0
112 0
112 2
112 4
112 2
112 0
112 0
112 0
112 96
112 928
112 0
112 6
112 0
112 0
112 0
112 0
112 0
112 0
112 0
112 438
112 4
112 0
112 0
112 0
112 0
112 99
112 0
112 4
112 0
112 0
112 119
112 0
112 0
112 3
112 556
112 0
113 16
113 6
113 2
113 0
113 0
113 0
113 0
113 0
113 247
113 2
113 2
113 0
113 12
113 570
113 0
113 0
113 0
113 3
113 121
113 0
113 214
113 0
113 0
113 1113
113 2
113 4
113 0
113 14
113 10
113 214
113 0
113 1
113 105
113 10
113 703
113 0
113 6
113 3
113 0
113 3
113 0
113 3
113 114
113 0
113 0
113 3
113 2127
113 8
113 0
113 2
114 938
114 0
114 3
114 102
114 258
114 213
114 0
114 6
114 3
114 8
114 322
114 6
114 0
114 0
114 115
114 344
114 0
114 2
114 0
114 0
114 0
114 398
114 0
114 0
114 20
114 0
114 0
114 4
114 0
114 210
114 1325
114 0
114 0
114 0
114 6
114 3
114 0
114 8
114 457
114 204
114 3
114 6
114 1
114 217
114 2
114 2
114 96
114 2
114 6
114 0
115 127
115 18
115 0
115 10
115 0
115 0
115 0
115 2
115 0
115 1345
115 0
115 717
115 18
115 0
115 16
115 0
115 0
115 0
115 0
115 6
115 0
115 109
115 264
115 0
115 2
115 0
115 0
115 226
115 119
115 4
115 4
115 0
115 4
115 0
115 111
115 1
115 0
115 2
115 214
115 571
115 0
115 0
115 0
115 528
115 105
115 0
115 0
115 3
115 10
115 16
116 0
116 2
116 154
116 10
116 0
116 0
116 1474
116 0
116 14
116 0
116 0
116 3
116 6
116 6
116 0
116 119
116 8
116 0
116 0
116 103
116 128
116 0
116 18
116 2
116 0
116 6
116 8
116 128
116 0
116 0
116 4
116 0
116 0
116 2
116 18
116 10
116 119
116 0
116 0
116 97
116 0
116 3
116 0
116 0
116 4
116 0
116 0
116 0
116 359
116 0
117 0
117 0
117 0
117 274
117 905
117 0
117 466
117 1557
117 0
117 10
117 6
117 0
117 0
117 2
117 4
117 2
117 5
117 0
117 342
117 646
117 0
117 0
117 113
117 466
117 0
117 228
117 12
117 1140
117 16
117 109
117 8
117 0
117 0
117 692
117 6
117 10
117 117
117 259
117 0
117 0
117 0
117 12
117 0
117 343
117 0
117 0
117 0
117 0
117 0
117 143
118 1324
118 0
118 0
118 0
118 506
118 0
118 0
118 0
118 226
118 814
118 0
118 1
118 111
118 0
118 2
118 1002
118 6
118 1941
118 0
118 0
118 1307
118 0
118 286
118 0
118 3
118 111
118 0
118 129
118 0
118 976
118 0
118 0
118 487
118 132
118 0
118 376
118 0
118 0
118 103
118 0
118 10
118 117
118 204
118 0
118 12
118 0
118 0
118 0
118 0
118 8
119 0
119 10
119 0
119 0
119 10
119 0
119 0
119 0
119 0
119 2
119 0
119 250
119 3
119 6
119 341
119 18
119 840
119 1279
119 0
119 0
119 4
119 0
119 0
119 0
119 1327
119 12
119 0
119 583
119 901
119 114
119 0
119 0
119 0
119 0
119 0
119 6
119 0
119 4
119 10
119 0
119 890
119 0
119 699
119 113
119 603
119 123
119 342
119 0
119 0
119 14
120 0
120 345
120 0
120 0
120 222
120 0
120 0
120 2541
120 0
120 16
120 1498
120 2
120 14
120 0
120 116
120 2
120 957
120 100
120 0
120 1281
120 568
120 0
120 0
120 0
120 0
120 6
120 0
120 1279
120 129
120 0
120 0
120 126
120 0
120 0
120 18
120 127
120 0
120 14
120 6
120 0
120 2
120 0
120 16
120 0
120 764
120 0
120 113
120 0
120 0
120 0
121 3644
121 2000
121 14
121 14
121 8
121 8
121 597
121 1212
121 10
121 0
121 6
121 0
121 2
121 2
121 2
121 0
121 0
121 1444
121 6
121 8
121 0
121 1446
121 6
121 242
121 2
121 831
121 113
121 793
121 6
121 169
121 0
121 8
121 0
121 119
121 427
121 17
121 595
121 0
121 0
121 6
121 6
121 0
121 0
121 0
121 99
121 256
121 1002
121 0
121 0
121 0
122 2388
122 457
122 139
122 0
122 0
122 348
122 145
122 0
122 0
122 2
122 376
122 0
122 0
122 0
122 0
122 0
122 2
122 2
122 20
122 4
122 1267
122 18
122 16
122 0
122 2
122 0
122 130
122 2
122 101
122 0
122 229
122 0
122 737
122 4
122 2
122 15
122 493
122 196
122 2
122 0
122 0
122 3
122 4
122 0
122 1105
122 0
122 538
122 0
122 0
122 0
123 0
123 0
123 130
123 0
123 2
123 0
123 0
123 586
123 115
123 0
123 238
123 0
123 0
123 0
123 103
123 2
123 103
123 0
123 0
123 1328
123 0
123 215
123 619
123 0
123 0
123 113
123 0
123 0
123 8
123 8
123 0
123 352
123 0
123 345
123 8
123 0
123 0
123 14
123 0
123 101
123 981
123 18
123 2
123 0
123 132
123 0
123 4
123 0
123 0
123 220
124 514
124 0
124 6
124 0
124 0
124 0
124 0
124 265
124 0
124 2
124 0
124 2
124 4
124 0
124 256
124 2
124 249
124 0
124 544
124 1342
124 0
124 122
124 0
124 489
124 1
124 0
124 0
124 1
124 1111
124 4
124 0
124 0
124 0
124 2
124 424
124 0
124 8
124 0
124 233
124 0
124 6
124 99
124 0
124 1
124 0
124 0
124 147
124 16
124 0
124 0
125 0
125 0
125 16
125 0
125 0
125 451
125 0
125 0
125 0
125 1323
125 0
125 0
125 121
125 4
125 0
125 0
125 24
125 0
125 2
125 2
125 12
125 4
125 1506
125 0
125 0
125 0
125 0
125 615
125 0
125 216
125 0
125 0
125 0
125 14
125 16
125 344
125 256
125 0
125 6
125 18
125 123
125 6
125 0
125 0
125 0
125 0
125 1708
125 4
125 0
125 3
126 16
126 0
126 0
126 0
126 0
126 0
126 4
126 0
126 0
126 0
126 481
126 6
126 16
126 0
126 0
126 10
126 123
126 0
126 0
126 0
126 0
126 0
126 0
126 733
126 8
126 0
126 103
126 0
126 0
126 117
126 3
126 740
126 0
126 4
126 1031
126 123
126 0
126 486
126 0
126 0
126 0
126 12
126 0
126 0
126 0
126 0
126 521
126 0
126 0
126 0
127 0
127 0
127 0
127 129
127 0
127 0
127 0
127 4
127 2
127 2
127 0
127 1
127 0
127 123
127 0
127 4
127 0
127 0
127 4
127 0
127 0
127 0
127 0
127 397
127 0
127 3
127 8
127 3
127 240
127 1332
127 0
127 664
127 12
127 3
127 0
127 16
127 18
127 238
127 8
127 14
127 121
127 8
127 0
127 0
127 124
127 2
127 1
127 0
127 1161
127 1826
128 0
128 12
128 0
128 0
128 10
128 0
128 0
128 0
128 0
128 905
128 0
128 0
128 0
128 8
128 0
128 18
128 0
128 0
128 1356
128 0
128 952
128 0
128 0
128 0
128 0
128 2
128 0
128 587
128 379
128 0
128 0
128 4
128 0
128 0
128 0
128 0
128 0
128 0
128 0
128 2
128 898
128 2
128 3
128 2
128 153
128 0
128 0
128 0
128 520
128 4
129 0
129 0
129 14
129 119
129 0
129 482
129 258
129 124
129 0
129 221
129 0
129 108
129 6
129 0
129 0
129 0
129 0
129 0
129 121
129 0
129 823
129 18
129 0
129 0
129 0
129 10
129 109
129 0
129 6
129 841
129 0
129 0
129 357
129 0
129 244
129 467
129 0
129 2
129 239
129 20
129 238
129 0
129 0
129 872
129 0
129 606
129 0
129 2
129 202
129 0
130 0
130 121
130 0
130 0
130 10
130 0
130 749
130 0
130 16
130 6
130 8
130 0
130 122
130 14
130 365
130 0
130 127
130 0
130 0
130 0
130 101
130 0
130 0
130 12
130 14
130 753
130 12
130 0
130 1370
130 12
130 2
130 10
130 2
130 369
130 0
130 902
130 1478
130 0
130 116
130 18
130 2
130 0
130 577
130 0
130 18
130 16
130 1403
130 0
130 0
130 377
131 467
131 447
131 228
131 18
131 0
131 814
131 0
131 0
131 465
131 0
131 0
131 0
131 0
131 103
131 8
131 0
131 293
131 0
131 12
131 0
131 0
131 0
131 16
131 0
131 0
131 8
131 0
131 209
131 0
131 0
131 2
131 18
131 0
131 14
131 0
131 0
131 10
131 0
131 838
131 0
131 0
131 0
131 0
131 0
131 444
131 139
131 0
131 12
131 0
131 0
132 513
132 0
132 230
132 0
132 0
132 0
132 0
132 851
132 113
132 0
132 0
132 0
132 0
132 16
132 0
132 492
132 0
132 2
132 0
132 1192
132 12
132 502
132 0
132 6
132 460
132 859
132 0
132 0
132 12
132 261
132 0
132 16
132 2
132 252
132 0
132 18
132 0
132 0
132 103
132 0
132 0
132 140
132 341
132 0
132 0
132 6
132 2
132 18
132 0
132 0
133 0
133 0
133 0
133 0
133 0
133 2
133 0
133 14
133 0
133 0
133 2
133 471
133 0
133 97
133 99
133 2
133 1516
133 907
133 695
133 12
133 18
133 10
133 113
133 768
133 0
133 0
133 18
133 97
133 0
133 0
133 0
133 0
133 0
133 0
133 14
133 775
133 0
133 0
133 105
133 18
133 16
133 0
133 0
133 0
133 0
133 0
133 0
133 0
133 6
133 0
134 0
134 139
134 2
134 0
134 0
134 111
134 0
134 0
134 391
134 0
134 0
134 0
134 566
134 560
134 18
134 0
134 814
134 2
134 0
134 0
134 0
134 2
134 111
134 2
134 0
134 0
134 111
134 0
134 0
134 0
134 0
134 0
134 0
134 10
134 121
134 481
134 0
134 0
134 16
134 0
134 312
134 0
134 0
134 12
134 0
134 113
134 0
134 0
134 113
134 0
135 392
135 0
135 107
135 0
135 317
135 1
135 117
135 4
135 594
135 119
135 14
135 371
135 0
135 0
135 14
135 117
135 0
135 2
135 6
135 0
135 0
135 0
135 111
135 2
135 0
135 0
135 0
135 112
135 0
135 0
135 0
135 1388
135 18
135 0
135 0
135 0
135 0
135 14
135 4
135 0
135 0
135 0
135 4
135 16
135 632
135 0
135 0
135 0
135 0
135 0
136 0
136 0
136 4
136 0
136 6
136 1144
136 0
136 582
136 0
136 16
136 0
136 0
136 0
136 504
136 416
136 701
136 347
136 230
136 2
136 413
136 12
136 4
136 0
136 0
136 0
136 573
136 18
136 339
136 0
136 862
136 234
136 0
136 915
136 2
136 584
136 0
136 0
136 0
136 6
136 0
136 1052
136 0
136 0
136 14
136 1
136 0
136 794
136 0
136 0
136 217
137 0
137 0
137 14
137 236
137 6
137 0
137 288
137 2
137 0
137 0
137 0
137 0
137 0
137 6
137 16
137 0
137 0
137 0
137 278
137 18
137 18
137 0
137 1378
137 377
137 0
137 260
137 114
137 0
137 0
137 0
137 0
137 0
137 2
137 2
137 0
137 0
137 3
137 848
137 0
137 508
137 0
137 0
137 0
137 0
137 0
137 119
137 2
137 0
137 0
137 0
138 210
138 0
138 2
138 4
138 0
138 326
138 0
138 6
138 0
138 0
138 0
138 1639
138 18
138 4
138 10
138 473
138 2
138 4
138 0
138 0
138 0
138 4
138 111
138 0
138 8
138 0
138 0
138 16
138 116
138 0
138 0
138 267
138 0
138 0
138 2
138 3
138 0
138 0
138 4
138 14
138 121
138 0
138 6
138 0
138 926
138 10
138 221
138 2
138 2
138 2
139 0
139 0
139 2
139 0
139 1087
139 0
139 0
139 0
139 6
139 0
139 0
139 110
139 108
139 20
139 0
139 0
139 0
139 0
139 0
139 6
139 0
139 707
139 0
139 8
139 109
139 18
139 468
139 0
139 111
139 0
139 18
139 328
139 0
139 4
139 0
139 14
139 16
139 2
139 1123
139 545
139 0
139 713
139 0
139 0
139 6
139 241
139 14
139 6
139 0
139 0
140 0
140 0
140 14
140 0
140 227
140 0
140 0
140 126
140 0
140 0
140 0
140 0
140 0
140 4
140 8
140 377
140 16
140 0
140 300
140 0
140 0
140 10
140 107
140 0
140 99
140 0
140 0
140 1
140 0
140 816
140 3
140 8
140 0
140 8
140 14
140 18
140 10
140 0
140 16
140 129
140 0
140 16
140 120
140 0
140 1
140 0
140 793
140 350
140 1178
140 10
141 0
141 0
141 0
141 0
141 0
141 0
141 115
141 0
141 0
141 0
141 0
141 0
141 2
141 0
141 0
141 924
141 1120
141 3
141 0
141 0
141 0
141 4
141 2
141 0
141 18
141 0
141 317
141 3
141 6
141 0
141 20
141 0
141 0
141 0
141 403
141 0
141 0
141 0
141 0
141 640
141 1
141 103
141 0
141 0
141 0
141 0
141 107
141 0
141 18
141 0
142 1231
142 0
142 0
142 6
142 101
142 0
142 16
142 0
142 2
142 0
142 0
142 740
142 4
142 161
142 0
142 0
142 495
142 0
142 0
142 0
142 6
142 16
142 109
142 389
142 2
142 896
142 1094
142 0
142 3
142 0
142 0
142 0
142 115
142 2
142 109
142 0
142 2
142 0
142 0
142 1259
142 1272
142 334
142 131
142 123
142 0
142 6
142 0
142 0
142 0
142 2
143 984
143 0
143 749
143 10
143 2
143 6
143 0
143 498
143 119
143 0
143 907
143 0
143 0
143 0
143 0
143 0
143 3
143 260
143 0
143 327
143 0
143 0
143 0
143 0
143 0
143 0
143 0
143 998
143 0
143 8
143 16
143 0
143 0
143 109
143 0
143 169
143 115
143 0
143 6
143 658
143 6
143 14
143 0
143 0
143 0
143 3
143 624
143 18
143 571
143 0
144 0
144 403
144 0
144 6
144 151
144 2
144 0
144 0
144 219
144 532
144 1038
144 0
144 728
144 0
144 329
144 272
144 246
144 0
144 0
144 0
144 349
144 0
144 790
144 120
144 0
144 461
144 0
144 4
144 0
144 0
144 216
144 0
144 0
144 0
144 1376
144 825
144 6
144 0
144 0
144 0
144 1946
144 0
144 0
144 107
144 339
144 0
144 0
144 946
144 736
144 2
145 0
145 133
145 3
145 133
145 250
145 0
145 0
145 440
145 352
145 226
145 1098
145 0
145 950
145 0
145 588
145 0
145 742
145 965
145 6
145 0
145 0
145 0
145 0
145 6
145 2
145 903
145 0
145 139
145 113
145 0
145 208
145 0
145 0
145 1097
145 0
145 0
145 804
145 0
145 0
145 2
145 111
145 0
145 922
145 818
145 113
145 18
145 0
145 0
145 3
145 0
146 954
146 0
146 3
146 0
146 0
146 0
146 694
146 0
146 2
146 260
146 6
146 457
146 0
146 2
146 0
146 18
146 0
146 0
146 0
146 0
146 362
146 18
146 0
146 122
146 0
146 0
146 478
146 539
146 0
146 0
146 0
146 663
146 467
146 115
146 553
146 0
146 0
146 0
146 0
146 376
146 117
146 102
146 2
146 0
146 643
146 0
146 2
146 0
146 0
146 631
147 232
147 111
147 377
147 0
147 2
147 243
147 0
147 16
147 2
147 514
147 0
147 1427
147 3
147 97
147 2
147 16
147 0
147 4
147 858
147 0
147 0
147 0
147 256
147 0
147 274
147 0
147 16
147 789
147 0
147 1310
147 0
147 519
147 0
147 0
147 0
147 0
147 0
147 18
147 0
147 411
147 8
147 0
147 0
147 8
147 0
147 0
147 0
147 3
147 0
147 0
148 761
148 778
148 0
148 102
148 6
148 0
148 18
148 14
148 497
148 2
148 0
148 0
148 0
148 125
148 2
148 0
148 4
148 0
148 10
148 1260
148 525
148 0
148 0
148 0
148 8
148 904
148 0
148 0
148 248
148 1236
148 0
148 6
148 554
148 616
148 0
148 16
148 270
148 0
148 150
148 0
148 0
148 0
148 0
148 0
148 349
148 16
148 6
148 16
148 18
148 105
149 865
149 2269
149 2
149 581
149 564
149 0
149 1066
149 2
149 0
149 355
149 0
149 697
149 99
149 536
149 0
149 6
149 3905
149 0
149 620
149 0
149 2
149 0
149 0
149 0
149 0
149 0
149 16
149 0
149 0
149 0
149 879
149 0
149 0
149 772
149 0
149 0
149 611
149 817
149 0
149 0
149 0
149 0
149 2
149 0
149 2
149 474
149 0
149 478
149 472
149 0
150 0
150 0
150 0
150 0
150 0
150 123
150 1038
150 0
150 4331
150 0
150 6
150 0
150 18
150 1
150 109
150 0
150 0
150 898
150 2
150 0
150 0
150 0
150 0
150 0
150 125
150 0
150 0
150 119
150 734
150 0
150 0
150 127
150 12
150 0
150 0
150 0
150 2
150 8
150 116
150 0
150 819
150 0
150 6
150 0
150 123
150 0
150 0
150 0
150 1209
150 3
151 0
151 0
151 6
151 123
151 117
151 10
151 0
151 6
151 462
151 0
151 0
151 4
151 682
151 1012
151 14
151 0
151 0
151 0
151 222
151 381
151 0
151 0
151 0
151 576
151 12
151 0
151 0
151 260
151 100
151 280
151 0
151 0
151 0
151 0
151 122
151 928
151 0
151 620
151 19
151 0
151 123
151 0
151 0
151 941
151 2
151 0
151 0
151 0
151 0
151 543
152 0
152 238
152 0
152 614
152 1133
152 8
152 0
152 357
152 0
152 0
152 0
152 0
152 18
152 291
152 0
152 3
152 229
152 635
152 473
152 1486
152 0
152 0
152 0
152 115
152 0
152 612
152 0
152 14
152 441
152 0
152 0
152 3
152 12
152 0
152 16
152 18
152 0
152 0
152 3
152 18
152 1655
152 0
152 18
152 0
152 16
152 123
152 18
152 1414
152 1151
152 129
153 0
153 226
153 0
153 890
153 1588
153 8
153 0
153 0
153 329
153 878
153 609
153 18
153 2
153 0
153 12
153 0
153 249
153 0
153 0
153 0
153 8
153 0
153 0
153 0
153 0
153 0
153 389
153 215
153 0
153 0
153 0
153 0
153 0
153 0
153 0
153 0
153 0
153 98
153 526
153 109
153 208
153 2
153 0
153 18
153 0
153 3
153 2
153 0
153 18
153 0
154 498
154 0
154 0
154 14
154 1
154 0
154 6
154 0
154 771
154 3
154 6
154 413
154 6
154 2
154 0
154 0
154 0
154 0
154 22
154 113
154 0
154 423
154 750
154 6
154 0
154 0
154 0
154 4
154 300
154 1469
154 0
154 143
154 570
154 123
154 0
154 131
154 0
154 2
154 2
154 1026
154 0
154 1
154 0
154 0
154 4
154 0
154 811
154 0
154 14
154 0
155 916
155 105
155 0
155 0
155 0
155 517
155 0
155 491
155 12
155 0
155 0
155 0
155 1369
155 0
155 0
155 0
155 2
155 0
155 2
155 823
155 14
155 3
155 357
155 6
155 0
155 16
155 336
155 0
155 3
155 0
155 0
155 0
155 1701
155 632
155 15
155 2
155 2726
155 588
155 0
155 0
155 0
155 2
155 0
155 6
155 0
155 148
155 121
155 0
155 0
155 4
156 0
156 439
156 1
156 0
156 0
156 0
156 101
156 0
156 2
156 6
156 4
156 0
156 2
156 0
156 0
156 2
156 0
156 235
156 14
156 0
156 654
156 0
156 256
156 0
156 10
156 8
156 0
156 3
156 0
156 113
156 0
156 2
156 3
156 0
156 8
156 704
156 0
156 369
156 18
156 6
156 452
156 1
156 0
156 1628
156 0
156 1282
156 0
156 0
156 0
156 124
157 0
157 0
157 101
157 119
157 1284
157 14
157 0
157 0
157 0
157 0
157 115
157 855
157 115
157 0
157 0
157 12
157 3
157 6
157 0
157 0
157 681
157 2
157 8
157 0
157 0
157 1466
157 219
157 18
157 3
157 8
157 6
157 0
157 107
157 18
157 0
157 229
157 18
157 0
157 0
157 0
157 3
157 0
157 24
157 890
157 0
157 2
157 746
157 472
157 0
157 0
158 0
158 3
158 0
158 6
158 0
158 0
158 781
158 462
158 0
158 2
158 3
158 0
158 0
158 2
158 0
158 407
158 0
158 1499
158 1017
158 6
158 2
158 0
158 0
158 278
158 0
158 222
158 2
158 6
158 0
158 3
158 0
158 8
158 20
158 209
158 0
158 1228
158 96
158 0
158 0
158 2
158 0
158 0
158 2
158 0
158 0
158 4
158 0
158 2
158 6
158 0
159 938
159 475
159 0
159 236
159 0
159 6
159 0
159 18
159 6
159 0
159 0
159 6
159 0
159 2
159 18
159 0
159 16
159 885
159 0
159 0
159 3
159 0
159 819
159 103
159 0
159 0
159 0
159 360
159 0
159 6
159 0
159 105
159 121
159 552
159 0
159 0
159 2
159 16
159 887
159 494
159 0
159 613
159 0
159 0
159 2
159 1
159 4
159 18
159 8
159 332
160 0
160 0
160 0
160 234
160 0
160 121
160 0
160 16
160 0
160 1230
160 0
160 567
160 363
160 119
160 0
160 0
160 136
160 0
160 0
160 0
160 0
160 139
160 2
160 0
160 0
160 707
160 0
160 134
160 533
160 442
160 806
160 0
160 2
160 317
160 0
160 775
160 0
160 0
160 3
160 0
160 264
160 123
160 116
160 6
160 2
160 640
160 0
160 0
160 0
160 437
161 0
161 18
161 2
161 763
161 0
161 0
161 0
161 2
161 585
161 126
161 0
161 0
161 114
161 0
161 1044
161 0
161 0
161 337
161 989
161 2
161 0
161 0
161 119
161 0
161 6
161 0
161 8
161 0
161 4
161 4
161 4
161 103
161 0
161 10
161 237
161 4
161 461
161 3
161 0
161 18
161 505
161 394
161 1120
161 0
161 0
161 110
161 220
161 0
161 0
161 98
162 18
162 106
162 18
162 0
162 0
162 0
162 14
162 3
162 269
162 104
162 6
162 114
162 3
162 18
162 0
162 16
162 789
162 111
162 0
162 489
162 1408
162 0
162 4
162 0
162 2
162 0
162 2
162 3
162 1
162 0
162 0
162 516
162 0
162 0
162 2
162 2
162 99
162 400
162 0
162 0
162 6
162 1371
162 6
162 4
162 254
162 2
162 0
162 206
162 0
162 0
163 0
163 0
163 1
163 3
163 6
163 112
163 12
163 3
163 4
163 2
163 3
163 2
163 0
163 10
163 0
163 1344
163 0
163 14
163 3
163 0
163 1490
163 2
163 0
163 0
163 853
163 326
163 123
163 0
163 2
163 0
163 0
163 0
163 0
163 4
163 0
163 2
163 6
163 2
163 0
163 321
163 494
163 260
163 2
163 3
163 242
163 115
163 4
163 3
163 3
163 6
164 121
164 0
164 809
164 16
164 195
164 0
164 719
164 0
164 109
164 0
164 3
164 0
164 0
164 0
164 14
164 113
164 0
164 116
164 0
164 0
164 0
164 834
164 1358
164 2
164 574
164 0
164 109
164 6
164 0
164 0
164 365
164 0
164 829
164 2
164 0
164 410
164 360
164 806
164 0
164 146
164 0
164 3
164 2
164 216
164 0
164 18
164 0
164 4
164 115
164 0
165 0
165 0
165 0
165 0
165 6
165 381
165 0
165 0
165 0
165 0
165 2
165 0
165 4
165 0
165 212
165 438
165 122
165 981
165 152
165 0
165 371
165 0
165 98
165 6
165 0
165 0
165 0
165 16
165 6
165 0
165 0
165 431
165 0
165 0
165 8
165 776
165 0
165 105
165 97
165 258
165 0
165 149
165 0
165 442
165 0
165 0
165 1080
165 129
165 0
165 0
166 796
166 0
166 6
166 0
166 2
166 0
166 0
166 0
166 16
166 681
166 1
166 0
166 0
166 0
166 6
166 127
166 0
166 0
166 0
166 1320
166 0
166 0
166 2
166 0
166 646
166 0
166 133
166 18
166 0
166 350
166 207
166 18
166 20
166 0
166 2
166 0
166 1172
166 0
166 17
166 18
166 0
166 0
166 12
166 0
166 3
166 3
166 0
166 0
166 1
166 226
167 0
167 6
167 210
167 107
167 101
167 0
167 784
167 724
167 0
167 0
167 0
167 0
167 6
167 0
167 954
167 0
167 252
167 1328
167 0
167 0
167 0
167 10
167 2
167 0
167 0
167 0
167 0
167 0
167 0
167 232
167 115
167 2008
167 0
167 0
167 0
167 0
167 0
167 1444
167 3
167 0
167 0
167 780
167 14
167 0
167 0
167 0
167 730
167 0
167 16
167 0
168 0
168 0
168 0
168 240
168 2
168 0
168 0
168 240
168 107
168 0
168 12
168 0
168 0
168 0
168 0
168 746
168 0
168 10
168 0
168 0
168 2
168 0
168 6
168 0
168 0
168 6
168 0
168 0
168 0
168 0
168 113
168 0
168 0
168 0
168 323
168 103
168 4
168 0
168 0
168 571
168 0
168 0
168 2
168 6
168 111
168 0
168 2
168 103
168 373
168 2
169 0
169 3
169 0
169 0
169 2
169 117
169 319
169 0
169 0
169 0
169 96
169 3
169 0
169 0
169 4
169 0
169 6
169 0
169 0
169 3
169 553
169 244
169 131
169 0
169 0
169 2
169 6
169 0
169 0
169 0
169 3
169 113
169 0
169 17
169 4
169 2
169 479
169 2
169 0
169 2
169 0
169 18
169 121
169 2
169 976
169 2
169 2
169 0
169 0
169 0
170 0
170 0
170 642
170 0
170 0
170 0
170 0
170 225
170 97
170 2
170 0
170 3
170 0
170 1059
170 4
170 4
170 0
170 4
170 113
170 767
170 0
170 2
170 0
170 119
170 2
170 109
170 0
170 2
170 0
170 0
170 6
170 2
170 0
170 1129
170 0
170 0
170 213
170 0
170 0
170 3
170 14
170 0
170 127
170 257
170 0
170 0
170 246
170 14
170 0
170 0
171 2
171 0
171 0
171 10
171 0
171 349
171 2
171 12
171 2
171 0
171 2
171 119
171 0
171 0
171 0
171 474
171 0
171 8
171 0
171 374
171 18
171 1020
171 2
171 0
171 0
171 0
171 18
171 0
171 220
171 782
171 0
171 0
171 3
171 778
171 0
171 131
171 0
171 0
171 238
171 562
171 1153
171 8
171 0
171 471
171 6
171 0
171 688
171 14
171 0
171 459
172 255
172 0
172 0
172 0
172 18
172 0
172 16
172 0
172 0
172 447
172 0
172 0
172 0
172 0
172 0
172 0
172 0
172 6
172 223
172 3
172 0
172 0
172 10
172 0
172 112
172 0
172 0
172 0
172 0
172 728
172 0
172 0
172 0
172 651
172 117
172 0
172 848
172 670
172 0
172 0
172 0
172 1
172 0
172 122
172 1210
172 0
172 651
172 0
172 113
172 0
173 0
173 1
173 18
173 6
173 575
173 0
173 6
173 4
173 701
173 113
173 6
173 279
173 0
173 445
173 133
173 0
173 785
173 2
173 2
173 0
173 0
173 3
173 0
173 814
173 274
173 272
173 0
173 0
173 869
173 379
173 0
173 0
173 250
173 0
173 2
173 0
173 801
173 0
173 0
173 611
173 0
173 0
173 539
173 330
173 18
173 0
173 6
173 0
173 0
173 0
174 0
174 3
174 1021
174 2
174 490
174 0
174 0
174 0
174 374
174 0
174 0
174 0
174 791
174 2
174 1070
174 0
174 0
174 0
174 466
174 103
174 0
174 0
174 468
174 254
174 18
174 0
174 18
174 0
174 0
174 0
174 680
174 0
174 2
174 807
174 0
174 0
174 254
174 433
174 4
174 0
174 0
174 870
174 129
174 108
174 0
174 2
174 12
174 0
174 0
174 0
175 1223
175 0
175 18
175 2
175 0
175 0
175 0
175 3
175 12
175 0
175 0
175 0
175 0
175 1066
175 6
175 108
175 759
175 0
175 244
175 0
175 0
175 0
175 6
175 10
175 717
175 566
175 0
175 0
175 0
175 0
175 0
175 0
175 204
175 0
175 0
175 1
175 0
175 8
175 0
175 755
175 6
175 0
175 0
175 240
175 1142
175 976
175 0
175 0
175 0
175 383
176 0
176 0
176 0
176 111
176 596
176 0
176 0
176 0
176 684
176 97
176 113
176 103
176 332
176 0
176 96
176 3
176 0
176 0
176 0
176 766
176 540
176 12
176 0
176 842
176 6
176 6
176 115
176 912
176 14
176 0
176 352
176 0
176 2
176 0
176 0
176 0
176 0
176 0
176 3
176 18
176 0
176 6
176 6
176 0
176 12
176 3
176 2
176 0
176 0
176 961
177 0
177 0
177 10
177 268
177 0
177 3
177 2
177 0
177 0
177 242
177 501
177 387
177 0
177 0
177 0
177 3
177 0
177 0
177 0
177 18
177 0
177 108
177 2
177 393
177 116
177 336
177 0
177 0
177 0
177 0
177 105
177 117
177 0
177 2
177 107
177 0
177 0
177 107
177 18
177 2
177 464
177 0
177 0
177 10
177 16
177 0
177 0
177 2
177 0
177 0
178 0
178 0
178 3
178 8
178 121
178 16
178 0
178 105
178 0
178 900
178 0
178 0
178 16
178 0
178 6
178 3
178 121
178 0
178 0
178 763
178 4
178 4
178 0
178 0
178 0
178 14
178 0
178 1167
178 6
178 0
178 2
178 0
178 3
178 2
178 846
178 0
178 113
178 2
178 16
178 0
178 0
178 0
178 0
178 8
178 0
178 10
178 0
178 3
178 0
178 0
179 0
179 373
179 0
179 0
179 732
179 1095
179 0
179 111
179 0
179 0
179 0
179 3
179 6
179 767
179 0
179 0
179 14
179 0
179 620
179 1148
179 0
179 0
179 342
179 12
179 0
179 2
179 0
179 0
179 0
179 0
179 4
179 0
179 0
179 0
179 609
179 426
179 785
179 0
179 0
179 0
179 118
179 0
179 0
179 0
179 0
179 810
179 18
179 4
179 8
179 0
180 0
180 0
180 119
180 0
180 0
180 0
180 604
180 0
180 0
180 10
180 0
180 0
180 125
180 3
180 0
180 0
180 0
180 0
180 0
180 0
180 2
180 12
180 0
180 0
180 453
180 16
180 0
180 0
180 20
180 1067
180 0
180 729
180 1210
180 0
180 238
180 439
180 0
180 0
180 0
180 0
180 1312
180 0
180 0
180 0
180 0
180 12
180 0
180 0
180 984
180 119
181 0
181 0
181 0
181 0
181 0
181 14
181 0
181 535
181 8
181 0
181 0
181 0
181 0
181 757
181 0
181 0
181 627
181 563
181 0
181 0
181 0
181 0
181 0
181 94
181 8
181 0
181 4
181 0
181 0
181 2
181 6
181 0
181 0
181 0
181 0
181 3
181 0
181 0
181 0
181 103
181 0
181 994
181 6
181 0
181 0
181 0
181 0
181 0
181 265
181 214
182 0
182 755
182 0
182 456
182 0
182 201
182 0
182 0
182 0
182 6
182 694
182 0
182 672
182 0
182 470
182 0
182 0
182 4
182 137
182 8
182 0
182 598
182 0
182 115
182 0
182 0
182 686
182 0
182 0
182 0
182 0
182 0
182 2
182 0
182 0
182 107
182 891
182 0
182 472
182 0
182 1204
182 3
182 0
182 326
182 14
182 1134
182 0
182 0
182 0
182 12
183 0
183 0
183 16
183 2
183 445
183 0
183 0
183 6
183 0
183 135
183 952
183 0
183 0
183 14
183 0
183 770
183 10
183 0
183 0
183 0
183 451
183 6
183 0
183 638
183 6
183 3
183 0
183 2
183 0
183 2
183 121
183 0
183 0
183 0
183 659
183 805
183 0
183 0
183 232
183 0
183 0
183 0
183 0
183 20
183 0
183 16
183 0
183 628
183 927
183 105
184 223
184 0
184 0
184 6
184 0
184 12
184 902
184 0
184 0
184 16
184 0
184 0
184 0
184 0
184 14
184 485
184 596
184 0
184 16
184 0
184 6
184 0
184 0
184 0
184 2
184 377
184 0
184 2
184 126
184 0
184 485
184 0
184 135
184 2
184 0
184 915
184 0
184 0
184 20
184 0
184 0
184 0
184 852
184 151
184 101
184 3
184 0
184 0
184 0
184 382
185 0
185 0
185 377
185 1460
185 0
185 0
185 0
185 911
185 2
185 0
185 0
185 2
185 0
185 0
185 636
185 4
185 0
185 12
185 928
185 619
185 782
185 0
185 248
185 0
185 0
185 6
185 0
185 0
185 0
185 468
185 0
185 10
185 0
185 0
185 0
185 0
185 135
185 522
185 3
185 0
185 18
185 0
185 0
185 888
185 0
185 0
185 0
185 452
185 3
185 18
186 0
186 4
186 0
186 389
186 1583
186 0
186 230
186 0
186 0
186 117
186 0
186 6
186 1
186 12
186 0
186 0
186 0
186 0
186 503
186 0
186 0
186 0
186 0
186 6
186 4
186 0
186 865
186 100
186 116
186 0
186 623
186 0
186 0
186 12
186 0
186 0
186 0
186 1401
186 0
186 0
186 800
186 332
186 128
186 2
186 0
186 10
186 0
186 0
186 0
186 16
187 0
187 121
187 151
187 0
187 0
187 0
187 0
187 0
187 0
187 0
187 0
187 8
187 127
187 0
187 0
187 0
187 0
187 464
187 16
187 0
187 2
187 0
187 473
187 0
187 0
187 860
187 0
187 0
187 0
187 800
187 0
187 4
187 113
187 1247
187 0
187 0
187 4
187 116
187 6
187 6
187 200
187 0
187 0
187 0
187 0
187 0
187 0
187 0
187 1305
187 2
188 214
188 0
188 136
188 6
188 0
188 0
188 0
188 0
188 0
188 0
188 0
188 1
188 0
188 0
188 142
188 2
188 1155
188 0
188 0
188 0
188 0
188 222
188 18
188 826
188 0
188 0
188 0
188 0
188 0
188 16
188 108
188 0
188 104
188 0
188 0
188 0
188 0
188 0
188 0
188 0
188 12
188 0
188 525
188 0
188 0
188 0
188 4
188 10
188 12
188 0
189 0
189 16
189 17
189 1177
189 348
189 0
189 211
189 0
189 2
189 0
189 456
189 0
189 0
189 131
189 0
189 6
189 0
189 148
189 236
189 18
189 0
189 686
189 0
189 0
189 10
189 0
189 2
189 0
189 2
189 18
189 0
189 0
189 782
189 14
189 0
189 0
189 0
189 0
189 0
189 889
189 936
189 0
189 10
189 894
189 0
189 0
189 345
189 830
189 0
189 0
190 0
190 0
190 0
190 14
190 6
190 266
190 0
190 0
190 0
190 0
190 0
190 16
190 0
190 405
190 2
190 0
190 0
190 1
190 0
190 14
190 0
190 0
190 0
190 1
190 0
190 0
190 0
190 1
190 0
190 3
190 268
190 0
190 4
190 663
190 12
190 0
190 2
190 1003
190 0
190 18
190 18
190 719
190 139
190 118
190 209
190 105
190 0
190 418
190 0
190 766
191 894
191 8
191 260
191 12
191 0
191 0
191 16
191 109
191 2
191 0
191 102
191 10
191 0
191 0
191 125
191 0
191 12
191 150
191 0
191 0
191 0
191 0
191 405
191 0
191 0
191 14
191 12
191 599
191 0
191 114
191 0
191 0
191 2
191 0
191 2
191 0
191 232
191 131
191 0
191 0
191 0
191 0
191 1
191 18
191 8
191 12
191 6
191 0
191 0
191 0
192 270
192 3
192 0
192 0
192 0
192 0
192 292
192 567
192 0
192 155
192 0
192 0
192 0
192 0
192 18
192 2
192 6
192 0
192 0
192 12
192 119
192 147
192 0
192 4
192 569
192 0
192 0
192 0
192 0
192 14
192 0
192 0
192 0
192 0
192 1
192 6
192 0
192 153
192 542
192 0
192 0
192 0
192 485
192 0
192 1158
192 445
192 0
192 0
192 0
192 1
193 0
193 0
193 306
193 0
193 18
193 0
193 0
193 0
193 0
193 238
193 361
193 0
193 0
193 0
193 0
193 0
193 0
193 906
193 0
193 2
193 2
193 0
193 2
193 109
193 0
193 0
193 0
193 0
193 1
193 8
193 236
193 2
193 502
193 0
193 2
193 2
193 0
193 4
193 0
193 0
193 0
193 4
193 363
193 2
193 0
193 102
193 280
193 115
193 244
193 0
194 0
194 14
194 107
194 213
194 247
194 340
194 0
194 0
194 0
194 0
194 0
194 0
194 0
194 218
194 652
194 0
194 0
194 6
194 329
194 0
194 0
194 844
194 2
194 0
194 0
194 1239
194 12
194 0
194 0
194 0
194 382
194 136
194 18
194 925
194 0
194 10
194 4
194 585
194 0
194 2
194 0
194 343
194 0
194 349
194 0
194 0
194 0
194 0
194 415
194 327
195 0
195 375
195 0
195 3
195 2
195 244
195 0
195 0
195 151
195 109
195 0
195 0
195 0
195 124
195 10
195 0
195 2
195 0
195 0
195 0
195 0
195 4
195 0
195 0
195 0
195 0
195 0
195 127
195 0
195 3
195 0
195 1262
195 0
195 591
195 1160
195 0
195 0
195 0
195 16
195 0
195 0
195 669
195 0
195 0
195 0
195 0
195 204
195 812
195 0
195 757
196 0
196 0
196 857
196 6
196 0
196 0
196 0
196 0
196 0
196 0
196 1203
196 18
196 0
196 0
196 115
196 0
196 0
196 3
196 14
196 0
196 1
196 0
196 0
196 1107
196 0
196 0
196 0
196 0
196 3
196 1
196 3
196 0
196 0
196 0
196 0
196 0
196 0
196 2
196 1058
196 0
196 0
196 0
196 0
196 280
196 0
196 0
196 0
196 0
196 0
196 2
197 16
197 1
197 0
197 0
197 0
197 0
197 3
197 0
197 103
197 0
197 0
197 2
197 0
197 0
197 0
197 0
197 731
197 0
197 0
197 0
197 0
197 0
197 113
197 0
197 0
197 0
197 0
197 2
197 0
197 136
197 468
197 2
197 1353
197 0
197 0
197 0
197 250
197 0
197 218
197 1064
197 0
197 226
197 2
197 0
197 0
197 2
197 0
197 6
197 8
197 1
198 479
198 18
198 0
198 0
198 0
198 531
198 0
198 0
198 1436
198 648
198 762
198 2
198 4
198 870
198 198
198 4
198 280
198 242
198 0
198 1237
198 0
198 0
198 10
198 526
198 0
198 111
198 16
198 0
198 2
198 0
198 258
198 0
198 0
198 2227
198 0
198 0
198 0
198 0
198 6
198 0
198 0
198 0
198 328
198 1309
198 3
198 0
198 16
198 2
198 0
198 111
199 0
199 0
199 3
199 0
199 0
199 111
199 6
199 1081
199 515
199 0
199 0
199 114
199 16
199 0
199 0
199 0
199 0
199 268
199 793
199 8
199 0
199 827
199 0
199 12
199 0
199 386
199 0
199 1
199 0
199 6
199 0
199 333
199 0
199 0
199 0
199 1609
199 0
199 2
199 0
199 452
199 0
199 510
199 735
199 0
199 0
199 0
199 0
199 2
199 105
199 16
200 237
200 0
200 682
200 444
200 0
200 0
200 111
200 0
200 1019
200 340
200 131
200 12
200 12
200 123
200 0
200 0
200 0
200 544
200 759
200 0
200 16
200 0
200 109
200 0
200 16
200 0
200 18
200 0
200 830
200 629
200 0
200 0
200 213
200 0
200 4
200 0
200 0
200 113
200 0
200 400
200 0
200 0
200 0
200 0
200 0
200 0
200 0
200 1167
200 0
200 0

