1 2
1 1
1 4
1 0
1 0
1 0
1 0
1 0
1 0
1 0
1 0
1 0
1 0
1 0
1 0
1 0
1 0
1 0
1 0
1 0
1 0
1 0
1 0
1 0
1 0
1 0
1 0
1 0
1 0
1 0
1 0
1 0
1 0
1 0
1 0
1 0
1 0
1 0
1 0
1 0
1 0
1 0
1 0
1 0
1 0
1 0
1 0
1 0
1 0
1 0
1 0
1 0
1 0
1 0
1 0
2 0
2 0
2 0
2 0
2 0
2 0
2 0
2 0
2 0
2 0
2 0
2 0
2 0
2 0
2 0
2 0
2 0
2 0
2 0
2 0
2 0
2 0
2 0
2 0
2 0
2 0
2 0
2 0
2 0
2 0
2 0
2 0
2 0
2 0
2 0
2 7
2 0
2 0
2 0
2 0
2 0
2 0
2 0
2 0
2 0
2 0
2 0
2 0
2 0
2 0
3 4
3 0
3 0
3 5
3 0
3 0
3 1
3 0
3 0
3 0
3 1
3 0
3 0
3 0
3 0
3 0
3 0
3 0
3 0
3 0
3 0
3 0
3 0
3 0
3 0
3 0
3 0
3 0
3 0
3 0
3 3
3 0
3 0
3 0
3 0
3 0
3 2
3 0
3 0
3 0
3 0
3 0
3 0
3 0
3 0
3 0
3 0
3 0
3 0
3 0
4 7
4 0
4 0
4 0
4 0
4 0
4 1
4 0
4 0
4 0
4 0
4 4
4 0
4 5
4 7
4 0
4 0
4 0
4 0
4 0
4 6
4 3
4 0
4 3
4 0
4 0
4 0
4 8
4 0
4 1
4 0
4 2
4 0
4 0
4 0
4 0
4 0
4 0
4 0
4 0
4 1
4 0
4 0
4 1
4 0
4 0
4 0
4 0
4 0
4 0
5 0
5 4
5 0
5 0
5 0
5 0
5 0
5 0
5 0
5 9
5 0
5 0
5 0
5 0
5 0
5 1
5 3
5 4
5 1
5 0
5 2
5 0
5 0
5 0
5 1
5 0
5 0
5 0
5 6
5 3
5 2
5 0
5 7
5 0
5 0
5 0
5 0
5 0
5 0
5 0
5 0
5 0
5 0
5 0
5 0
5 0
5 0
5 0
5 10
5 0
6 0
6 6
6 0
6 0
6 0
6 0
6 5
6 2
6 0
6 3
6 0
6 0
6 3
6 0
6 0
6 0
6 0
6 3
6 2
6 1
6 3
6 0
6 0
6 6
6 0
6 1
6 0
6 0
6 0
6 1
6 0
6 1
6 6
6 9
6 0
6 3
6 0
6 0
6 3
6 2
6 0
6 0
6 3
6 2
6 0
6 0
6 1
6 0
6 0
6 1
7 4
7 6
7 7
7 1
7 3
7 3
7 1
7 5
7 0
7 0
7 2
7 3
7 0
7 0
7 0
7 0
7 0
7 1
7 1
7 0
7 0
7 5
7 0
7 0
7 7
7 3
7 0
7 0
7 0
7 0
7 1
7 0
7 0
7 0
7 4
7 0
7 0
7 8
7 10
7 0
7 2
7 0
7 0
7 8
7 0
7 4
7 0
7 0
7 1
7 1
8 0
8 1
8 0
8 1
8 0
8 2
8 0
8 4
8 0
8 0
8 0
8 2
8 8
8 1
8 0
8 0
8 0
8 1
8 6
8 0
8 0
8 1
8 0
8 0
8 1
8 0
8 0
8 0
8 10
8 0
8 0
8 0
8 3
8 4
8 0
8 0
8 1
8 5
8 0
8 0
8 0
8 0
8 2
8 3
8 0
8 0
8 0
8 0
8 0
8 0
9 0
9 2
9 0
9 1
9 0
9 0
9 0
9 6
9 0
9 0
9 0
9 0
9 2
9 3
9 0
9 5
9 9
9 0
9 0
9 0
9 6
9 2
9 0
9 0
9 0
9 6
9 0
9 0
9 0
9 0
9 0
9 0
9 0
9 0
9 0
9 0
9 0
9 0
9 0
9 0
9 0
9 0
9 0
9 0
9 0
9 0
9 5
9 0
9 5
9 0
10 10
10 0
10 0
10 0
10 0
10 0
10 3
10 0
10 0
10 0
10 4
10 1
10 0
10 2
10 8
10 4
10 3
10 0
10 0
10 0
10 2
10 0
10 0
10 0
10 0
10 3
10 0
10 0
10 0
10 0
10 11
10 1
10 1
10 7
10 10
10 0
10 0
10 0
10 0
10 1
10 1
10 0
10 0
10 0
10 0
10 4
10 1
10 3
10 0
10 0
11 2
11 0
11 0
11 0
11 0
11 0
11 1
11 0
11 0
11 0
11 14
11 0
11 6
11 5
11 1
11 0
11 0
11 1
11 0
11 0
11 1
11 0
11 0
11 0
11 0
11 0
11 0
11 5
11 6
11 4
11 0
11 0
11 0
11 6
11 3
11 1
11 12
11 0
11 0
11 0
11 9
11 0
11 0
11 3
11 4
11 0
11 0
11 0
11 8
11 0
12 1
12 0
12 3
12 0
12 0
12 2
12 0
12 0
12 1
12 4
12 0
12 0
12 7
12 0
12 0
12 0
12 2
12 0
12 0
12 0
12 1
12 0
12 2
12 0
12 1
12 0
12 6
12 0
12 1
12 0
12 0
12 0
12 2
12 1
12 0
12 0
12 9
12 0
12 0
12 8
12 0
12 6
12 0
12 0
12 0
12 0
12 0
12 0
12 0
12 3
13 3
13 0
13 0
13 0
13 9
13 2
13 0
13 0
13 0
13 0
13 0
13 0
13 0
13 0
13 0
13 0
13 0
13 1
13 0
13 0
13 0
13 0
13 9
13 0
13 0
13 0
13 2
13 0
13 3
13 0
13 1
13 0
13 0
13 0
13 1
13 2
13 0
13 0
13 0
13 0
13 0
13 4
13 0
13 0
13 2
13 0
13 0
13 0
13 3
13 4
14 0
14 0
14 8
14 0
14 0
14 0
14 6
14 3
14 10
14 10
14 0
14 0
14 0
14 0
14 0
14 0
14 0
14 0
14 0
14 0
14 0
14 0
14 0
14 0
14 0
14 0
14 4
14 0
14 3
14 0
14 0
14 0
14 0
14 0
14 5
14 0
14 0
14 0
14 0
14 0
14 1
14 0
14 0
14 0
14 0
14 0
14 0
14 0
14 0
14 7
15 0
15 2
15 4
15 0
15 0
15 3
15 0
15 0
15 0
15 0
15 0
15 9
15 1
15 0
15 0
15 0
15 4
15 0
15 0
15 0
15 0
15 0
15 0
15 0
15 0
15 0
15 0
15 0
15 0
15 0
15 0
15 0
15 0
15 0
15 0
15 0
15 0
15 3
15 0
15 1
15 2
15 0
15 0
15 3
15 0
15 0
15 0
15 5
15 4
15 0
16 2
16 6
16 0
16 0
16 0
16 2
16 0
16 0
16 0
16 0
16 0
16 0
16 0
16 0
16 0
16 0
16 2
16 4
16 0
16 0
16 1
16 1
16 5
16 0
16 5
16 0
16 0
16 0
16 0
16 0
16 1
16 0
16 0
16 4
16 5
16 4
16 0
16 2
16 6
16 0
16 0
16 0
16 1
16 0
16 0
16 0
16 2
16 6
16 5
16 0
17 0
17 1
17 2
17 3
17 0
17 0
17 0
17 0
17 0
17 0
17 0
17 0
17 0
17 0
17 0
17 9
17 1
17 3
17 0
17 0
17 0
17 0
17 0
17 0
17 0
17 0
17 0
17 0
17 0
17 4
17 4
17 3
17 0
17 0
17 0
17 0
17 0
17 0
17 0
17 0
17 0
17 0
17 1
17 4
17 0
17 4
17 0
17 0
17 0
17 2
18 0
18 0
18 0
18 0
18 0
18 0
18 10
18 4
18 0
18 0
18 0
18 0
18 0
18 0
18 0
18 2
18 0
18 0
18 0
18 1
18 0
18 6
18 0
18 0
18 0
18 6
18 0
18 0
18 0
18 0
18 0
18 0
18 0
18 9
18 0
18 0
18 0
18 0
18 10
18 0
18 0
18 0
18 0
18 0
18 0
18 3
18 0
18 0
18 7
18 9
19 0
19 0
19 0
19 0
19 0
19 0
19 0
19 0
19 0
19 4
19 0
19 0
19 0
19 0
19 2
19 0
19 0
19 0
19 0
19 0
19 0
19 4
19 2
19 0
19 0
19 1
19 2
19 3
19 4
19 10
19 0
19 0
19 0
19 1
19 1
19 0
19 0
19 0
19 0
19 4
19 4
19 5
19 11
19 0
19 15
19 0
19 0
19 4
19 0
19 0
20 14
20 0
20 0
20 11
20 1
20 0
20 0
20 0
20 2
20 5
20 1
20 0
20 0
20 0
20 1
20 0
20 0
20 0
20 0
20 1
20 1
20 1
20 0
20 2
20 0
20 0
20 3
20 4
20 0
20 0
20 1
20 0
20 0
20 0
20 0
20 0
20 0
20 7
20 0
20 1
20 8
20 0
20 0
20 7
20 6
20 0
20 0
20 0
20 1
20 0
21 0
21 0
21 0
21 1
21 0
21 0
21 2
21 0
21 0
21 6
21 0
21 0
21 7
21 0
21 0
21 1
21 0
21 0
21 0
21 6
21 0
21 0
21 15
21 4
21 0
21 6
21 0
21 1
21 0
21 0
21 5
21 0
21 0
21 0
21 0
21 0
21 0
21 0
21 4
21 0
21 0
21 0
21 1
21 0
21 0
21 8
21 0
21 0
21 5
21 0
22 0
22 3
22 0
22 16
22 0
22 0
22 9
22 0
22 0
22 0
22 1
22 0
22 0
22 12
22 9
22 0
22 8
22 2
22 9
22 0
22 0
22 0
22 0
22 0
22 0
22 0
22 11
22 0
22 13
22 0
22 1
22 0
22 1
22 7
22 0
22 0
22 0
22 0
22 0
22 0
22 0
22 6
22 0
22 0
22 0
22 2
22 0
22 0
22 9
22 0
23 12
23 3
23 0
23 0
23 0
23 3
23 9
23 1
23 0
23 0
23 0
23 0
23 0
23 0
23 0
23 0
23 5
23 0
23 0
23 0
23 7
23 1
23 0
23 24
23 6
23 0
23 0
23 0
23 0
23 0
23 6
23 7
23 3
23 0
23 0
23 0
23 0
23 0
23 5
23 0
23 0
23 0
23 0
23 0
23 0
23 0
23 2
23 21
23 0
23 0
24 15
24 0
24 1
24 6
24 21
24 0
24 0
24 0
24 0
24 0
24 6
24 4
24 0
24 0
24 0
24 0
24 0
24 0
24 0
24 0
24 1
24 0
24 1
24 1
24 0
24 25
24 0
24 0
24 0
24 0
24 0
24 0
24 0
24 0
24 0
24 0
24 0
24 1
24 10
24 0
24 11
24 0
24 4
24 0
24 0
24 0
24 11
24 0
24 1
24 0
25 0
25 12
25 0
25 0
25 2
25 0
25 0
25 0
25 0
25 0
25 3
25 8
25 13
25 6
25 0
25 0
25 0
25 0
25 0
25 0
25 0
25 9
25 1
25 0
25 0
25 29
25 30
25 0
25 0
25 0
25 0
25 0
25 0
25 0
25 0
25 0
25 10
25 11
25 0
25 0
25 46
25 0
25 3
25 0
25 15
25 0
25 0
25 0
25 3
25 4
26 0
26 0
26 1
26 0
26 13
26 0
26 0
26 1
26 0
26 14
26 0
26 0
26 0
26 0
26 0
26 0
26 4
26 21
26 0
26 12
26 40
26 7
26 0
26 16
26 0
26 0
26 0
26 0
26 0
26 0
26 0
26 0
26 0
26 7
26 0
26 0
26 0
26 0
26 0
26 0
26 0
26 0
26 0
26 0
26 0
26 0
26 0
26 0
26 0
26 0
27 0
27 1
27 0
27 24
27 0
27 0
27 0
27 0
27 1
27 0
27 0
27 0
27 0
27 0
27 6
27 0
27 25
27 0
27 11
27 0
27 0
27 2
27 0
27 0
27 20
27 0
27 0
27 4
27 0
27 0
27 0
27 0
27 19
27 0
27 0
27 0
27 0
27 0
27 0
27 10
27 0
27 13
27 0
27 0
27 0
27 40
27 0
27 0
27 0
27 0
28 47
28 0
28 0
28 0
28 0
28 0
28 7
28 21
28 1
28 0
28 0
28 0
28 0
28 0
28 13
28 0
28 0
28 34
28 0
28 0
28 0
28 0
28 5
28 0
28 0
28 0
28 0
28 0
28 0
28 0
28 0
28 8
28 0
28 0
28 7
28 0
28 11
28 9
28 0
28 7
28 0
28 0
28 0
28 0
28 0
28 0
28 0
28 26
28 0
28 10
29 0
29 0
29 0
29 12
29 0
29 5
29 0
29 0
29 0
29 0
29 0
29 8
29 0
29 0
29 0
29 12
29 1
29 0
29 14
29 9
29 1
29 6
29 0
29 17
29 10
29 20
29 0
29 0
29 0
29 0
29 0
29 3
29 15
29 0
29 6
29 0
29 0
29 0
29 21
29 0
29 0
29 0
29 0
29 0
29 0
29 0
29 0
29 20
29 0
29 39
30 27
30 0
30 0
30 0
30 6
30 0
30 0
30 0
30 0
30 0
30 1
30 3
30 0
30 0
30 0
30 0
30 0
30 0
30 0
30 0
30 23
30 0
30 0
30 0
30 0
30 0
30 0
30 0
30 0
30 0
30 0
30 22
30 0
30 0
30 0
30 2
30 0
30 0
30 1
30 0
30 0
30 0
30 0
30 0
30 7
30 0
30 0
30 0
30 0
30 0
31 0
31 0
31 9
31 37
31 0
31 0
31 40
31 0
31 7
31 0
31 0
31 16
31 1
31 0
31 0
31 8
31 0
31 1
31 12
31 0
31 13
31 1
31 0
31 0
31 0
31 0
31 1
31 29
31 0
31 0
31 2
31 0
31 0
31 0
31 19
31 0
31 0
31 0
31 0
31 42
31 0
31 6
31 0
31 14
31 0
31 0
31 0
31 8
31 0
31 0
32 0
32 3
32 21
32 7
32 0
32 0
32 0
32 0
32 0
32 5
32 0
32 0
32 35
32 0
32 26
32 1
32 0
32 0
32 0
32 0
32 0
32 0
32 0
32 1
32 0
32 0
32 6
32 0
32 1
32 0
32 12
32 0
32 1
32 0
32 41
32 7
32 0
32 0
32 1
32 37
32 0
32 0
32 1
32 0
32 40
32 0
32 0
32 0
32 0
32 0
33 0
33 16
33 0
33 0
33 0
33 40
33 5
33 0
33 1
33 0
33 0
33 0
33 0
33 0
33 7
33 0
33 0
33 10
33 0
33 0
33 0
33 30
33 0
33 28
33 0
33 0
33 12
33 0
33 0
33 0
33 0
33 0
33 0
33 0
33 0
33 0
33 25
33 0
33 0
33 0
33 0
33 0
33 14
33 0
33 0
33 10
33 0
33 0
33 0
33 0
34 0
34 0
34 29
34 19
34 0
34 23
34 0
34 0
34 28
34 0
34 0
34 28
34 0
34 33
34 0
34 2
34 0
34 0
34 22
34 0
34 7
34 0
34 0
34 0
34 0
34 0
34 0
34 0
34 0
34 6
34 0
34 0
34 17
34 0
34 0
34 3
34 7
34 34
34 18
34 0
34 19
34 0
34 0
34 0
34 0
34 0
34 7
34 1
34 0
34 13
35 0
35 0
35 49
35 0
35 21
35 0
35 37
35 0
35 0
35 0
35 0
35 0
35 0
35 0
35 1
35 45
35 0
35 0
35 24
35 0
35 0
35 0
35 0
35 0
35 15
35 0
35 0
35 0
35 0
35 0
35 0
35 0
35 0
35 0
35 0
35 0
35 0
35 1
35 0
35 5
35 0
35 0
35 0
35 0
35 0
35 0
35 0
35 0
35 0
35 3
36 0
36 2
36 0
36 0
36 0
36 20
36 0
36 0
36 0
36 0
36 0
36 31
36 0
36 0
36 0
36 1
36 0
36 7
36 0
36 0
36 0
36 0
36 0
36 0
36 0
36 1
36 0
36 0
36 0
36 0
36 2
36 0
36 0
36 15
36 0
36 0
36 0
36 0
36 0
36 27
36 0
36 0
36 0
36 0
36 23
36 1
36 7
36 0
36 0
36 0
37 0
37 27
37 1
37 1
37 1
37 0
37 31
37 0
37 11
37 7
37 3
37 31
37 21
37 14
37 17
37 0
37 1
37 0
37 52
37 26
37 0
37 0
37 0
37 0
37 0
37 0
37 0
37 26
37 22
37 0
37 0
37 0
37 0
37 56
37 0
37 9
37 14
37 0
37 0
37 0
37 0
37 0
37 0
37 40
37 0
37 1
37 1
37 0
37 0
37 0
38 33
38 0
38 46
38 0
38 0
38 0
38 0
38 2
38 0
38 0
38 0
38 1
38 0
38 17
38 16
38 9
38 0
38 1
38 28
38 0
38 0
38 0
38 0
38 22
38 0
38 0
38 11
38 0
38 0
38 26
38 13
38 23
38 0
38 0
38 1
38 0
38 29
38 7
38 0
38 0
38 1
38 0
38 4
38 0
38 0
38 0
38 36
38 0
38 0
38 0
39 0
39 0
39 0
39 0
39 17
39 0
39 0
39 0
39 5
39 0
39 0
39 0
39 1
39 0
39 0
39 0
39 0
39 0
39 6
39 5
39 0
39 0
39 0
39 39
39 2
39 0
39 1
39 0
39 0
39 0
39 0
39 0
39 4
39 0
39 14
39 42
39 11
39 1
39 4
39 0
39 0
39 5
39 0
39 0
39 0
39 0
39 13
39 0
39 0
39 0
40 0
40 0
40 0
40 0
40 0
40 0
40 0
40 2
40 0
40 0
40 0
40 0
40 0
40 0
40 0
40 0
40 9
40 0
40 0
40 0
40 0
40 0
40 0
40 0
40 0
40 0
40 0
40 0
40 21
40 5
40 0
40 0
40 0
40 0
40 0
40 0
40 0
40 0
40 0
40 0
40 0
40 22
40 9
40 0
40 0
40 0
40 0
40 0
40 0
40 0
41 20
41 0
41 0
41 26
41 4
41 7
41 26
41 0
41 0
41 0
41 0
41 0
41 0
41 0
41 0
41 0
41 0
41 0
41 0
41 2
41 0
41 6
41 0
41 0
41 0
41 0
41 0
41 0
41 0
41 1
41 0
41 20
41 0
41 14
41 0
41 0
41 0
41 0
41 0
41 0
41 0
41 0
41 0
41 0
41 0
41 0
41 0
41 0
41 0
41 2
42 0
42 8
42 2
42 3
42 0
42 9
42 0
42 1
42 0
42 0
42 0
42 0
42 14
42 0
42 0
42 40
42 29
42 0
42 0
42 39
42 0
42 0
42 0
42 0
42 18
42 2
42 0
42 0
42 18
42 3
42 0
42 0
42 0
42 0
42 0
42 0
42 0
42 42
42 2
42 0
42 16
42 18
42 0
42 0
42 0
42 0
42 0
42 0
42 0
42 0
43 0
43 1
43 40
43 31
43 4
43 0
43 0
43 0
43 0
43 0
43 0
43 0
43 0
43 37
43 0
43 0
43 1
43 0
43 0
43 0
43 0
43 0
43 0
43 0
43 0
43 1
43 0
43 0
43 0
43 0
43 0
43 0
43 0
43 0
43 19
43 26
43 0
43 0
43 22
43 0
43 0
43 2
43 0
43 0
43 0
43 15
43 23
43 0
43 0
43 27
44 0
44 1
44 0
44 7
44 0
44 0
44 0
44 0
44 0
44 0
44 0
44 0
44 0
44 0
44 10
44 28
44 0
44 4
44 0
44 0
44 21
44 8
44 0
44 1
44 10
44 1
44 3
44 47
44 0
44 1
44 0
44 0
44 12
44 0
44 0
44 0
44 0
44 0
44 0
44 9
44 0
44 0
44 0
44 0
44 29
44 0
44 0
44 4
44 0
44 0
45 38
45 3
45 43
45 0
45 0
45 0
45 0
45 28
45 0
45 0
45 0
45 1
45 0
45 27
45 0
45 17
45 0
45 0
45 22
45 0
45 0
45 0
45 41
45 0
45 1
45 0
45 0
45 0
45 0
45 9
45 11
45 7
45 0
45 19
45 0
45 0
45 0
45 0
45 0
45 0
45 7
45 27
45 26
45 1
45 0
45 0
45 0
45 0
45 0
45 2
46 23
46 0
46 0
46 0
46 0
46 0
46 14
46 0
46 35
46 0
46 0
46 19
46 0
46 8
46 0
46 0
46 0
46 16
46 0
46 4
46 0
46 0
46 0
46 0
46 0
46 4
46 0
46 0
46 0
46 0
46 0
46 0
46 0
46 0
46 0
46 1
46 0
46 0
46 15
46 0
46 0
46 0
46 1
46 0
46 20
46 0
46 6
46 6
46 30
46 0
47 18
47 0
47 0
47 0
47 0
47 37
47 2
47 0
47 1
47 0
47 0
47 36
47 0
47 0
47 0
47 2
47 0
47 0
47 0
47 0
47 38
47 5
47 0
47 0
47 19
47 0
47 0
47 0
47 0
47 10
47 0
47 11
47 4
47 0
47 0
47 0
47 0
47 0
47 7
47 0
47 11
47 0
47 11
47 0
47 0
47 0
47 34
47 0
47 8
47 0
48 0
48 0
48 0
48 7
48 0
48 0
48 0
48 35
48 0
48 3
48 1
48 0
48 0
48 0
48 0
48 12
48 0
48 0
48 0
48 0
48 1
48 0
48 0
48 0
48 0
48 0
48 0
48 0
48 7
48 19
48 0
48 0
48 0
48 0
48 0
48 0
48 5
48 0
48 5
48 0
48 1
48 0
48 0
48 0
48 0
48 3
48 0
48 45
48 3
48 15
49 0
49 0
49 0
49 0
49 0
49 4
49 0
49 0
49 0
49 0
49 0
49 0
49 22
49 0
49 8
49 0
49 1
49 0
49 0
49 0
49 0
49 1
49 0
49 0
49 0
49 0
49 0
49 0
49 0
49 0
49 0
49 0
49 0
49 11
49 0
49 29
49 0
49 21
49 0
49 0
49 0
49 0
49 0
49 45
49 23
49 15
49 0
49 0
49 0
49 0
50 0
50 0
50 1
50 0
50 0
50 0
50 0
50 0
50 0
50 10
50 0
50 0
50 1
50 2
50 0
50 0
50 0
50 0
50 0
50 2
50 0
50 0
50 0
50 1
50 0
50 1
50 0
50 0
50 0
50 0
50 9
50 0
50 0
50 0
50 8
50 0
50 0
50 0
50 13
50 0
50 0
50 4
50 19
50 0
50 0
50 0
50 0
50 40
50 20
50 0
51 0
51 0
51 0
51 6
51 0
51 0
51 33
51 0
51 0
51 0
51 0
51 0
51 0
51 0
51 0
51 0
51 1
51 0
51 0
51 29
51 20
51 1
51 1
51 0
51 0
51 0
51 8
51 0
51 0
51 0
51 0
51 0
51 0
51 0
51 0
51 0
51 0
51 0
51 0
51 0
51 31
51 22
51 0
51 0
51 2
51 0
51 0
51 0
51 0
51 0
52 0
52 0
52 0
52 20
52 0
52 3
52 41
52 0
52 0
52 0
52 0
52 0
52 0
52 0
52 0
52 16
52 0
52 0
52 0
52 0
52 19
52 0
52 0
52 0
52 14
52 6
52 0
52 0
52 0
52 13
52 0
52 0
52 0
52 2
52 0
52 0
52 0
52 0
52 1
52 1
52 1
52 11
52 0
52 0
52 7
52 1
52 1
52 0
52 1
52 8
53 0
53 0
53 0
53 0
53 0
53 32
53 0
53 0
53 0
53 0
53 1
53 0
53 0
53 0
53 0
53 0
53 0
53 3
53 43
53 0
53 0
53 0
53 0
53 0
53 0
53 0
53 11
53 0
53 0
53 0
53 6
53 0
53 0
53 0
53 0
53 0
53 28
53 1
53 13
53 0
53 29
53 0
53 0
53 0
53 0
53 0
53 3
53 0
53 1
53 0
54 0
54 0
54 0
54 8
54 0
54 0
54 0
54 0
54 0
54 0
54 0
54 0
54 0
54 0
54 0
54 30
54 0
54 0
54 0
54 1
54 0
54 0
54 0
54 0
54 0
54 0
54 0
54 1
54 0
54 0
54 2
54 0
54 0
54 0
54 0
54 0
54 0
54 0
54 8
54 0
54 0
54 0
54 4
54 0
54 0
54 11
54 0
54 4
54 0
54 0
55 1
55 0
55 10
55 0
55 4
55 0
55 1
55 4
55 0
55 0
55 0
55 0
55 0
55 0
55 23
55 14
55 14
55 0
55 2
55 0
55 0
55 26
55 0
55 2
55 5
55 0
55 0
55 0
55 0
55 0
55 0
55 0
55 0
55 0
55 0
55 1
55 0
55 14
55 19
55 0
55 0
55 0
55 0
55 0
55 0
55 19
55 0
55 16
55 0
55 0
56 0
56 1
56 0
56 28
56 0
56 0
56 57
56 0
56 0
56 0
56 0
56 0
56 0
56 0
56 1
56 0
56 11
56 0
56 17
56 0
56 0
56 0
56 0
56 0
56 0
56 0
56 0
56 0
56 0
56 1
56 0
56 52
56 0
56 0
56 0
56 0
56 0
56 1
56 0
56 0
56 0
56 0
56 0
56 0
56 0
56 0
56 0
56 0
56 43
56 1
57 0
57 0
57 0
57 0
57 7
57 0
57 35
57 0
57 0
57 2
57 0
57 0
57 9
57 0
57 0
57 0
57 0
57 0
57 0
57 0
57 0
57 0
57 0
57 8
57 0
57 0
57 0
57 0
57 38
57 0
57 0
57 0
57 6
57 1
57 0
57 0
57 3
57 0
57 0
57 0
57 0
57 0
57 0
57 0
57 0
57 0
57 0
57 0
57 30
57 0
58 67
58 0
58 0
58 28
58 0
58 40
58 68
58 0
58 0
58 0
58 0
58 0
58 0
58 0
58 0
58 0
58 0
58 58
58 61
58 21
58 0
58 0
58 0
58 0
58 13
58 55
58 34
58 0
58 0
58 0
58 0
58 4
58 0
58 36
58 0
58 0
58 0
58 1
58 8
58 0
58 0
58 1
58 0
58 0
58 0
58 0
58 0
58 0
58 0
58 0
59 0
59 0
59 0
59 0
59 0
59 0
59 29
59 0
59 0
59 1
59 1
59 0
59 30
59 46
59 1
59 0
59 0
59 0
59 0
59 0
59 15
59 0
59 0
59 0
59 0
59 0
59 0
59 0
59 1
59 0
59 1
59 0
59 0
59 0
59 60
59 0
59 0
59 0
59 0
59 0
59 0
59 0
59 0
59 0
59 0
59 0
59 1
59 26
59 0
59 0
60 0
60 33
60 0
60 0
60 0
60 0
60 0
60 0
60 0
60 0
60 53
60 0
60 0
60 52
60 0
60 0
60 11
60 0
60 0
60 0
60 1
60 0
60 0
60 0
60 0
60 0
60 37
60 49
60 0
60 0
60 2
60 0
60 0
60 60
60 0
60 0
60 41
60 0
60 0
60 0
60 54
60 2
60 0
60 0
60 1
60 1
60 55
60 0
60 0
60 0
61 52
61 1
61 0
61 6
61 20
61 0
61 0
61 35
61 0
61 0
61 74
61 47
61 0
61 1
61 0
61 0
61 0
61 0
61 1
61 0
61 0
61 2
61 1
61 0
61 17
61 0
61 0
61 0
61 0
61 0
61 0
61 0
61 12
61 0
61 8
61 71
61 4
61 0
61 48
61 0
61 0
61 0
61 0
61 0
61 0
61 51
61 0
61 0
61 0
61 0
62 0
62 0
62 36
62 0
62 0
62 1
62 0
62 0
62 0
62 0
62 0
62 0
62 0
62 0
62 0
62 0
62 0
62 0
62 0
62 59
62 0
62 0
62 0
62 0
62 0
62 4
62 68
62 0
62 0
62 0
62 0
62 0
62 0
62 0
62 0
62 0
62 1
62 0
62 0
62 0
62 46
62 0
62 31
62 0
62 0
62 0
62 0
62 3
62 0
62 0
63 0
63 0
63 0
63 0
63 24
63 0
63 1
63 0
63 0
63 0
63 0
63 0
63 0
63 0
63 5
63 0
63 0
63 0
63 0
63 0
63 0
63 38
63 48
63 0
63 0
63 1
63 0
63 0
63 1
63 0
63 0
63 0
63 0
63 19
63 0
63 0
63 0
63 0
63 0
63 0
63 0
63 0
63 1
63 0
63 0
63 0
63 0
63 0
63 0
63 0
64 55
64 0
64 0
64 0
64 53
64 0
64 0
64 0
64 0
64 17
64 0
64 15
64 0
64 8
64 0
64 0
64 0
64 3
64 3
64 0
64 17
64 16
64 52
64 0
64 0
64 1
64 61
64 0
64 12
64 0
64 0
64 0
64 0
64 0
64 0
64 0
64 0
64 44
64 0
64 0
64 1
64 53
64 1
64 26
64 0
64 60
64 0
64 0
64 3
64 1
65 0
65 0
65 0
65 0
65 0
65 0
65 59
65 0
65 0
65 0
65 2
65 0
65 0
65 5
65 0
65 0
65 0
65 18
65 0
65 8
65 50
65 3
65 0
65 27
65 1
65 0
65 0
65 0
65 0
65 0
65 0
65 47
65 0
65 2
65 0
65 0
65 0
65 0
65 0
65 0
65 0
65 0
65 1
65 0
65 52
65 50
65 2
65 0
65 50
65 0
66 0
66 49
66 0
66 0
66 2
66 0
66 0
66 0
66 0
66 27
66 0
66 0
66 0
66 1
66 0
66 0
66 0
66 8
66 1
66 0
66 0
66 0
66 61
66 0
66 0
66 1
66 0
66 44
66 0
66 0
66 0
66 3
66 0
66 0
66 0
66 0
66 11
66 0
66 0
66 0
66 1
66 0
66 0
66 0
66 0
66 0
66 0
66 0
66 0
66 0
67 43
67 36
67 0
67 0
67 0
67 0
67 42
67 0
67 1
67 48
67 0
67 0
67 0
67 1
67 5
67 57
67 0
67 39
67 0
67 0
67 0
67 0
67 55
67 0
67 0
67 0
67 11
67 61
67 0
67 0
67 0
67 0
67 0
67 0
67 0
67 26
67 0
67 2
67 0
67 22
67 0
67 0
67 0
67 1
67 0
67 0
67 1
67 0
67 0
67 68
68 72
68 8
68 6
68 0
68 25
68 3
68 0
68 0
68 0
68 0
68 0
68 0
68 0
68 0
68 0
68 0
68 0
68 25
68 0
68 0
68 0
68 0
68 20
68 0
68 0
68 0
68 0
68 0
68 0
68 0
68 0
68 6
68 1
68 0
68 0
68 13
68 62
68 0
68 1
68 59
68 1
68 0
68 0
68 0
68 1
68 0
68 0
68 0
68 32
68 0
69 0
69 0
69 0
69 0
69 42
69 0
69 23
69 0
69 19
69 0
69 2
69 0
69 0
69 27
69 19
69 0
69 0
69 0
69 27
69 0
69 0
69 0
69 0
69 0
69 8
69 0
69 37
69 0
69 0
69 70
69 0
69 3
69 0
69 0
69 36
69 0
69 0
69 0
69 0
69 0
69 0
69 0
69 0
69 0
69 0
69 0
69 0
69 0
69 0
69 0
70 32
70 52
70 1
70 0
70 0
70 65
70 36
70 0
70 0
70 27
70 0
70 21
70 0
70 23
70 0
70 3
70 0
70 0
70 32
70 0
70 0
70 0
70 0
70 1
70 0
70 0
70 0
70 0
70 26
70 0
70 0
70 0
70 0
70 42
70 20
70 70
70 17
70 8
70 0
70 0
70 0
70 0
70 0
70 0
70 14
70 0
70 0
70 0
70 0
70 0
71 0
71 0
71 1
71 0
71 0
71 0
71 0
71 0
71 0
71 0
71 0
71 0
71 0
71 62
71 1
71 57
71 0
71 0
71 45
71 0
71 65
71 0
71 0
71 0
71 0
71 0
71 2
71 0
71 0
71 0
71 0
71 0
71 0
71 0
71 0
71 2
71 0
71 0
71 0
71 0
71 0
71 0
71 0
71 0
71 38
71 5
71 0
71 0
71 40
71 0
72 0
72 0
72 0
72 0
72 0
72 0
72 12
72 63
72 7
72 0
72 0
72 0
72 0
72 0
72 0
72 0
72 42
72 67
72 34
72 0
72 0
72 0
72 0
72 0
72 0
72 0
72 12
72 0
72 0
72 1
72 0
72 0
72 0
72 0
72 0
72 0
72 1
72 1
72 0
72 0
72 71
72 33
72 0
72 0
72 38
72 0
72 0
72 0
72 54
72 71
73 61
73 0
73 0
73 0
73 0
73 0
73 38
73 0
73 0
73 0
73 0
73 0
73 0
73 0
73 0
73 0
73 0
73 0
73 66
73 0
73 0
73 0
73 0
73 0
73 0
73 0
73 0
73 0
73 0
73 0
73 1
73 25
73 0
73 0
73 0
73 3
73 0
73 0
73 5
73 0
73 0
73 6
73 77
73 0
73 2
73 0
73 0
73 0
73 0
73 0
74 0
74 0
74 0
74 1
74 0
74 0
74 0
74 0
74 0
74 0
74 0
74 1
74 19
74 0
74 53
74 0
74 0
74 1
74 0
74 0
74 0
74 0
74 0
74 1
74 0
74 0
74 0
74 0
74 0
74 60
74 0
74 0
74 0
74 0
74 1
74 0
74 40
74 0
74 0
74 0
74 0
74 38
74 0
74 0
74 0
74 0
74 0
74 0
74 0
74 1
75 30
75 0
75 58
75 0
75 1
75 0
75 0
75 0
75 0
75 0
75 1
75 0
75 0
75 22
75 0
75 1
75 0
75 64
75 0
75 0
75 0
75 0
75 0
75 0
75 0
75 0
75 0
75 0
75 16
75 0
75 0
75 0
75 0
75 4
75 0
75 50
75 0
75 0
75 0
75 0
75 0
75 28
75 1
75 0
75 1
75 13
75 0
75 0
75 0
75 0
76 54
76 0
76 0
76 0
76 0
76 0
76 19
76 1
76 0
76 0
76 0
76 75
76 0
76 2
76 0
76 10
76 0
76 0
76 0
76 0
76 0
76 4
76 0
76 0
76 0
76 0
76 0
76 0
76 0
76 0
76 0
76 0
76 0
76 0
76 3
76 0
76 0
76 0
76 0
76 0
76 0
76 0
76 0
76 0
76 0
76 0
76 0
76 0
76 1
76 0
77 38
77 32
77 0
77 0
77 0
77 0
77 0
77 51
77 0
77 0
77 0
77 0
77 0
77 0
77 0
77 0
77 1
77 0
77 0
77 1
77 0
77 0
77 0
77 0
77 6
77 0
77 0
77 0
77 0
77 0
77 0
77 0
77 49
77 0
77 0
77 0
77 0
77 0
77 0
77 0
77 39
77 0
77 0
77 0
77 0
77 37
77 0
77 0
77 0
77 1
78 0
78 0
78 0
78 1
78 0
78 0
78 0
78 0
78 0
78 0
78 0
78 0
78 0
78 0
78 7
78 0
78 0
78 0
78 0
78 0
78 0
78 0
78 1
78 0
78 0
78 0
78 0
78 0
78 0
78 0
78 0
78 0
78 0
78 0
78 0
78 0
78 3
78 0
78 1
78 0
78 0
78 0
78 0
78 0
78 0
78 0
78 1
78 0
78 24
78 0
79 35
79 3
79 0
79 0
79 0
79 0
79 0
79 30
79 38
79 0
79 0
79 0
79 0
79 0
79 0
79 0
79 0
79 0
79 0
79 0
79 0
79 0
79 0
79 0
79 13
79 25
79 0
79 0
79 0
79 0
79 1
79 31
79 0
79 0
79 0
79 0
79 53
79 0
79 0
79 0
79 0
79 0
79 1
79 0
79 0
79 0
79 0
79 32
79 0
79 0
80 0
80 0
80 0
80 0
80 0
80 0
80 0
80 0
80 0
80 0
80 1
80 12
80 0
80 0
80 0
80 0
80 0
80 16
80 0
80 0
80 0
80 0
80 1
80 0
80 0
80 0
80 17
80 0
80 0
80 0
80 0
80 0
80 0
80 0
80 0
80 0
80 0
80 12
80 32
80 0
80 0
80 3
80 1
80 37
80 0
80 0
80 0
80 0
80 0
80 0
81 41
81 0
81 41
81 0
81 0
81 0
81 1
81 29
81 0
81 51
81 0
81 26
81 0
81 0
81 0
81 0
81 0
81 0
81 0
81 0
81 51
81 0
81 49
81 0
81 0
81 0
81 38
81 0
81 0
81 0
81 0
81 1
81 0
81 0
81 33
81 11
81 0
81 0
81 0
81 0
81 0
81 0
81 0
81 0
81 0
81 0
81 0
81 0
81 0
81 0
82 35
82 25
82 0
82 0
82 0
82 0
82 4
82 0
82 0
82 0
82 5
82 0
82 0
82 0
82 0
82 0
82 0
82 0
82 1
82 0
82 0
82 0
82 0
82 12
82 0
82 0
82 26
82 2
82 0
82 33
82 0
82 0
82 0
82 0
82 36
82 0
82 0
82 0
82 0
82 0
82 0
82 0
82 25
82 0
82 1
82 23
82 0
82 0
82 22
82 0
83 8
83 1
83 0
83 0
83 0
83 0
83 0
83 0
83 0
83 0
83 0
83 0
83 0
83 0
83 0
83 0
83 0
83 0
83 56
83 17
83 58
83 0
83 36
83 0
83 0
83 19
83 0
83 0
83 0
83 0
83 0
83 0
83 0
83 0
83 1
83 26
83 0
83 23
83 22
83 0
83 0
83 0
83 0
83 2
83 0
83 61
83 1
83 6
83 0
83 10
84 26
84 0
84 0
84 23
84 0
84 1
84 0
84 0
84 0
84 0
84 0
84 0
84 0
84 0
84 0
84 21
84 17
84 0
84 0
84 0
84 0
84 5
84 9
84 1
84 0
84 0
84 3
84 11
84 0
84 4
84 0
84 12
84 12
84 0
84 10
84 33
84 0
84 23
84 0
84 0
84 0
84 0
84 0
84 0
84 0
84 2
84 70
84 0
84 0
84 0
85 0
85 63
85 0
85 0
85 0
85 1
85 0
85 2
85 2
85 0
85 35
85 0
85 23
85 0
85 0
85 0
85 0
85 58
85 30
85 0
85 0
85 0
85 34
85 0
85 0
85 0
85 33
85 0
85 0
85 17
85 0
85 0
85 0
85 0
85 0
85 45
85 0
85 0
85 0
85 0
85 0
85 0
85 2
85 0
85 0
85 0
85 0
85 0
85 0
85 0
86 52
86 0
86 1
86 0
86 2
86 1
86 0
86 0
86 0
86 0
86 1
86 0
86 0
86 0
86 5
86 0
86 1
86 14
86 0
86 0
86 0
86 0
86 60
86 0
86 0
86 0
86 0
86 11
86 0
86 39
86 34
86 59
86 0
86 0
86 28
86 30
86 41
86 0
86 0
86 0
86 1
86 0
86 0
86 0
86 0
86 26
86 66
86 0
86 37
86 0
87 84
87 0
87 0
87 0
87 0
87 0
87 0
87 31
87 0
87 68
87 58
87 31
87 0
87 0
87 2
87 0
87 0
87 0
87 0
87 0
87 0
87 30
87 7
87 0
87 10
87 0
87 0
87 57
87 0
87 0
87 0
87 0
87 0
87 0
87 0
87 0
87 0
87 0
87 0
87 48
87 0
87 0
87 0
87 0
87 0
87 0
87 0
87 0
87 0
87 44
88 43
88 0
88 0
88 0
88 1
88 22
88 0
88 0
88 0
88 0
88 51
88 0
88 0
88 0
88 0
88 0
88 60
88 0
88 0
88 67
88 0
88 0
88 0
88 0
88 2
88 0
88 0
88 0
88 1
88 1
88 0
88 0
88 0
88 0
88 0
88 0
88 0
88 38
88 0
88 51
88 27
88 0
88 71
88 32
88 0
88 61
88 0
88 0
88 0
88 0
89 0
89 0
89 0
89 12
89 0
89 0
89 0
89 0
89 0
89 53
89 73
89 0
89 62
89 54
89 27
89 31
89 0
89 19
89 0
89 1
89 0
89 0
89 0
89 57
89 0
89 11
89 58
89 15
89 0
89 0
89 0
89 73
89 0
89 0
89 0
89 0
89 0
89 0
89 0
89 0
89 0
89 6
89 0
89 0
89 0
89 0
89 2
89 0
89 0
89 0
90 58
90 59
90 0
90 0
90 3
90 0
90 0
90 0
90 0
90 0
90 0
90 0
90 4
90 1
90 27
90 0
90 2
90 20
90 0
90 30
90 0
90 0
90 0
90 49
90 0
90 0
90 0
90 0
90 0
90 72
90 0
90 0
90 66
90 53
90 0
90 0
90 0
90 0
90 0
90 0
90 0
90 0
90 28
90 0
90 0
90 1
90 0
90 0
90 0
90 0
91 37
91 11
91 0
91 0
91 0
91 0
91 0
91 74
91 65
91 0
91 0
91 0
91 0
91 0
91 0
91 0
91 34
91 0
91 47
91 0
91 0
91 0
91 0
91 0
91 0
91 0
91 0
91 0
91 43
91 0
91 50
91 0
91 0
91 0
91 0
91 0
91 0
91 0
91 0
91 59
91 0
91 0
91 0
91 0
91 0
91 0
91 64
91 2
91 1
91 0
92 16
92 1
92 19
92 1
92 0
92 14
92 0
92 0
92 0
92 0
92 0
92 37
92 0
92 0
92 24
92 0
92 23
92 0
92 0
92 0
92 0
92 0
92 0
92 0
92 0
92 29
92 0
92 35
92 0
92 40
92 0
92 0
92 0
92 0
92 2
92 0
92 0
92 0
92 50
92 0
92 0
92 23
92 0
92 1
92 0
92 23
92 2
92 0
92 0
92 0
93 55
93 1
93 0
93 0
93 77
93 0
93 0
93 65
93 0
93 16
93 0
93 0
93 0
93 0
93 0
93 45
93 65
93 0
93 0
93 0
93 26
93 0
93 56
93 0
93 0
93 0
93 1
93 0
93 1
93 21
93 1
93 1
93 19
93 0
93 0
93 0
93 0
93 0
93 28
93 2
93 20
93 52
93 0
93 0
93 52
93 2
93 46
93 0
93 0
93 0
94 10
94 59
94 0
94 0
94 63
94 28
94 2
94 26
94 0
94 0
94 0
94 0
94 0
94 0
94 0
94 0
94 2
94 0
94 49
94 0
94 0
94 0
94 0
94 15
94 0
94 0
94 0
94 32
94 0
94 0
94 0
94 0
94 1
94 70
94 45
94 0
94 0
94 3
94 0
94 0
94 0
94 0
94 0
94 11
94 0
94 0
94 0
94 0
94 0
94 0
95 0
95 0
95 0
95 0
95 0
95 0
95 0
95 8
95 0
95 51
95 0
95 0
95 0
95 60
95 2
95 2
95 0
95 0
95 4
95 0
95 0
95 0
95 0
95 0
95 0
95 0
95 0
95 6
95 1
95 0
95 0
95 0
95 0
95 0
95 0
95 1
95 0
95 0
95 0
95 67
95 0
95 0
95 0
95 0
95 1
95 0
95 0
95 0
95 0
95 0
96 0
96 1
96 0
96 0
96 15
96 0
96 0
96 0
96 65
96 0
96 17
96 0
96 1
96 0
96 0
96 22
96 0
96 0
96 0
96 0
96 43
96 0
96 0
96 73
96 0
96 0
96 0
96 49
96 0
96 73
96 9
96 0
96 0
96 0
96 1
96 0
96 0
96 41
96 0
96 0
96 1
96 0
96 0
96 2
96 0
96 0
96 0
96 31
96 43
96 0
97 0
97 0
97 0
97 0
97 0
97 0
97 28
97 0
97 0
97 0
97 0
97 0
97 6
97 0
97 22
97 0
97 26
97 0
97 0
97 0
97 0
97 39
97 2
97 42
97 0
97 64
97 0
97 57
97 0
97 0
97 0
97 43
97 0
97 61
97 0
97 0
97 0
97 20
97 0
97 0
97 50
97 0
97 14
97 58
97 0
97 1
97 0
97 35
97 0
97 0
98 0
98 1
98 0
98 27
98 0
98 0
98 0
98 0
98 0
98 0
98 0
98 9
98 0
98 61
98 0
98 1
98 0
98 0
98 0
98 31
98 57
98 0
98 0
98 0
98 44
98 0
98 0
98 0
98 0
98 0
98 2
98 0
98 0
98 0
98 0
98 0
98 0
98 0
98 0
98 2
98 0
98 0
98 0
98 0
98 0
98 0
98 1
98 0
98 0
98 0
99 0
99 32
99 0
99 1
99 0
99 0
99 0
99 0
99 0
99 0
99 0
99 0
99 0
99 6
99 17
99 0
99 0
99 0
99 0
99 0
99 38
99 0
99 0
99 0
99 58
99 0
99 0
99 0
99 0
99 0
99 0
99 0
99 0
99 57
99 0
99 0
99 0
99 60
99 0
99 61
99 0
99 0
99 1
99 2
99 0
99 0
99 0
99 8
99 1
99 0
100 0
100 0
100 0
100 0
100 0
100 0
100 0
100 22
100 0
100 0
100 1
100 44
100 0
100 1
100 0
100 37
100 0
100 9
100 0
100 0
100 0
100 0
100 0
100 22
100 0
100 0
100 0
100 0
100 0
100 0
100 0
100 48
100 0
100 0
100 72
100 22
100 0
100 1
100 0
100 0
100 40
100 0
100 1
100 0
100 4
100 1
100 0
100 0
100 1
100 0
101 0
101 0
101 0
101 0
101 20
101 0
101 0
101 18
101 5
101 0
101 0
101 0
101 1
101 0
101 0
101 0
101 0
101 0
101 0
101 0
101 0
101 0
101 0
101 44
101 0
101 1
101 1
101 12
101 0
101 53
101 2
101 68
101 0
101 1
101 2
101 0
101 0
101 0
101 45
101 0
101 38
101 0
101 0
101 2
101 0
101 18
101 6
101 0
101 29
101 12
102 75
102 0
102 19
102 45
102 0
102 0
102 0
102 17
102 1
102 0
102 19
102 0
102 0
102 30
102 0
102 45
102 16
102 0
102 0
102 0
102 0
102 0
102 0
102 60
102 60
102 4
102 0
102 0
102 84
102 0
102 0
102 41
102 0
102 0
102 29
102 0
102 0
102 0
102 0
102 0
102 44
102 0
102 0
102 0
102 57
102 0
102 0
102 0
102 0
102 49
103 0
103 0
103 0
103 0
103 0
103 0
103 0
103 0
103 35
103 1
103 0
103 0
103 2
103 49
103 0
103 0
103 0
103 0
103 0
103 47
103 0
103 0
103 0
103 0
103 1
103 0
103 0
103 0
103 0
103 0
103 0
103 0
103 0
103 0
103 0
103 0
103 0
103 0
103 0
103 0
103 0
103 3
103 3
103 0
103 0
103 0
103 0
103 0
103 33
103 0
104 0
104 0
104 0
104 0
104 0
104 0
104 0
104 4
104 0
104 1
104 0
104 0
104 27
104 51
104 0
104 0
104 0
104 63
104 0
104 0
104 0
104 0
104 20
104 13
104 28
104 0
104 27
104 0
104 0
104 0
104 4
104 0
104 1
104 29
104 0
104 2
104 0
104 0
104 0
104 42
104 0
104 0
104 0
104 0
104 0
104 0
104 0
104 2
104 0
104 0
105 0
105 0
105 0
105 3
105 0
105 0
105 0
105 0
105 0
105 57
105 0
105 0
105 0
105 0
105 0
105 0
105 0
105 0
105 0
105 0
105 10
105 0
105 1
105 0
105 0
105 0
105 0
105 0
105 0
105 0
105 4
105 0
105 1
105 42
105 0
105 0
105 0
105 0
105 0
105 0
105 16
105 0
105 0
105 0
105 0
105 0
105 0
105 0
105 0
105 0
106 0
106 17
106 0
106 0
106 0
106 7
106 0
106 53
106 0
106 0
106 0
106 0
106 0
106 0
106 0
106 0
106 0
106 0
106 0
106 0
106 55
106 0
106 0
106 0
106 0
106 17
106 0
106 0
106 0
106 0
106 0
106 2
106 0
106 0
106 0
106 0
106 0
106 0
106 0
106 0
106 28
106 1
106 21
106 0
106 0
106 1
106 0
106 0
106 0
106 1
107 22
107 2
107 0
107 0
107 0
107 0
107 1
107 0
107 0
107 0
107 5
107 0
107 2
107 0
107 1
107 0
107 43
107 15
107 0
107 6
107 0
107 0
107 0
107 1
107 12
107 0
107 0
107 0
107 0
107 0
107 0
107 0
107 33
107 10
107 0
107 6
107 21
107 0
107 0
107 0
107 1
107 0
107 0
107 0
107 0
107 0
107 1
107 1
107 0
107 0
108 46
108 24
108 0
108 1
108 0
108 0
108 19
108 1
108 0
108 0
108 0
108 0
108 0
108 0
108 0
108 0
108 32
108 64
108 0
108 0
108 0
108 0
108 0
108 0
108 0
108 0
108 0
108 0
108 0
108 1
108 0
108 0
108 0
108 0
108 0
108 0
108 7
108 0
108 0
108 0
108 0
108 0
108 1
108 0
108 1
108 39
108 0
108 0
108 0
108 0
109 0
109 70
109 0
109 0
109 0
109 0
109 0
109 17
109 0
109 0
109 12
109 0
109 1
109 0
109 0
109 44
109 0
109 0
109 0
109 0
109 52
109 23
109 7
109 1
109 0
109 5
109 1
109 0
109 0
109 0
109 0
109 0
109 0
109 14
109 0
109 0
109 18
109 44
109 15
109 36
109 50
109 0
109 1
109 0
109 0
109 0
109 1
109 0
109 0
109 0
110 29
110 0
110 0
110 39
110 0
110 0
110 0
110 0
110 0
110 0
110 0
110 0
110 0
110 0
110 40
110 0
110 0
110 36
110 0
110 0
110 0
110 1
110 0
110 0
110 0
110 0
110 0
110 11
110 0
110 0
110 0
110 1
110 41
110 52
110 0
110 0
110 0
110 0
110 0
110 0
110 0
110 0
110 0
110 0
110 0
110 1
110 27
110 0
110 0
110 0
111 67
111 0
111 0
111 41
111 60
111 0
111 0
111 16
111 23
111 0
111 33
111 0
111 5
111 28
111 51
111 0
111 35
111 0
111 0
111 0
111 0
111 0
111 0
111 0
111 0
111 1
111 0
111 0
111 1
111 0
111 0
111 0
111 0
111 0
111 56
111 0
111 0
111 0
111 0
111 0
111 0
111 2
111 0
111 0
111 0
111 0
111 0
111 2
111 32
111 30
112 0
112 0
112 1
112 0
112 0
112 0
112 0
112 0
112 15
112 1
112 0
112 0
112 0
112 1
112 0
112 1
112 0
112 0
112 54
112 0
112 0
112 0
112 0
112 24
112 33
112 0
112 0
112 0
112 50
112 64
112 0
112 0
112 0
112 46
112 0
112 0
112 0
112 0
112 40
112 0
112 0
112 0
112 0
112 1
112 0
112 0
112 21
112 0
112 0
112 0
113 0
113 0
113 0
113 0
113 0
113 50
113 8
113 0
113 0
113 0
113 0
113 0
113 0
113 0
113 39
113 0
113 0
113 13
113 1
113 0
113 0
113 0
113 0
113 0
113 0
113 0
113 0
113 0
113 0
113 58
113 0
113 0
113 49
113 0
113 0
113 0
113 40
113 0
113 0
113 0
113 0
113 27
113 0
113 29
113 0
113 0
113 0
113 0
113 55
113 0
114 37
114 1
114 71
114 0
114 35
114 30
114 0
114 0
114 0
114 2
114 0
114 0
114 0
114 41
114 0
114 0
114 1
114 18
114 24
114 0
114 0
114 0
114 0
114 2
114 0
114 0
114 0
114 0
114 0
114 47
114 59
114 0
114 0
114 46
114 0
114 0
114 21
114 0
114 4
114 0
114 0
114 72
114 0
114 0
114 0
114 0
114 0
114 0
114 0
114 0
115 45
115 0
115 10
115 7
115 0
115 0
115 1
115 0
115 24
115 0
115 0
115 0
115 0
115 37
115 0
115 55
115 0
115 0
115 0
115 0
115 0
115 0
115 0
115 0
115 0
115 25
115 1
115 0
115 0
115 0
115 0
115 0
115 0
115 43
115 0
115 0
115 0
115 0
115 50
115 0
115 32
115 0
115 0
115 0
115 37
115 0
115 0
115 0
115 65
115 0
116 0
116 4
116 0
116 0
116 18
116 0
116 1
116 35
116 0
116 0
116 0
116 0
116 0
116 0
116 0
116 0
116 1
116 20
116 0
116 0
116 0
116 0
116 57
116 2
116 1
116 1
116 0
116 0
116 0
116 0
116 36
116 0
116 0
116 0
116 0
116 0
116 0
116 0
116 0
116 0
116 0
116 0
116 0
116 0
116 1
116 20
116 0
116 0
116 1
116 0
117 68
117 0
117 0
117 0
117 0
117 23
117 0
117 0
117 0
117 0
117 0
117 37
117 16
117 0
117 33
117 0
117 5
117 0
117 0
117 0
117 0
117 0
117 68
117 0
117 0
117 20
117 0
117 0
117 0
117 0
117 0
117 0
117 40
117 0
117 0
117 35
117 0
117 0
117 0
117 1
117 0
117 0
117 0
117 0
117 0
117 0
117 0
117 0
117 0
117 0
118 32
118 0
118 0
118 7
118 0
118 1
118 3
118 0
118 0
118 0
118 0
118 4
118 63
118 0
118 0
118 0
118 0
118 0
118 0
118 0
118 1
118 0
118 0
118 0
118 0
118 0
118 0
118 1
118 0
118 0
118 0
118 0
118 0
118 1
118 0
118 0
118 0
118 0
118 0
118 4
118 1
118 0
118 0
118 0
118 0
118 19
118 0
118 0
118 35
118 26
119 0
119 0
119 0
119 0
119 23
119 0
119 0
119 22
119 0
119 32
119 0
119 0
119 1
119 0
119 0
119 0
119 0
119 0
119 1
119 8
119 0
119 0
119 56
119 0
119 0
119 38
119 0
119 0
119 2
119 0
119 2
119 0
119 0
119 0
119 1
119 0
119 0
119 0
119 0
119 25
119 0
119 0
119 0
119 0
119 0
119 0
119 42
119 0
119 0
119 0
120 30
120 2
120 0
120 0
120 0
120 0
120 0
120 39
120 0
120 0
120 0
120 0
120 0
120 56
120 4
120 0
120 0
120 0
120 0
120 1
120 0
120 3
120 52
120 0
120 0
120 0
120 0
120 0
120 0
120 0
120 3
120 0
120 30
120 0
120 0
120 0
120 56
120 55
120 50
120 0
120 0
120 0
120 29
120 0
120 0
120 0
120 0
120 0
120 1
120 58
121 62
121 35
121 0
121 0
121 0
121 0
121 0
121 23
121 0
121 0
121 3
121 0
121 35
121 0
121 70
121 0
121 0
121 0
121 0
121 0
121 0
121 0
121 0
121 0
121 0
121 0
121 7
121 0
121 0
121 0
121 0
121 0
121 0
121 0
121 0
121 5
121 66
121 0
121 21
121 28
121 0
121 0
121 0
121 0
121 0
121 0
121 62
121 0
121 0
121 0
122 0
122 0
122 0
122 0
122 0
122 32
122 0
122 0
122 30
122 0
122 12
122 0
122 0
122 0
122 41
122 0
122 36
122 0
122 1
122 1
122 12
122 0
122 0
122 0
122 0
122 1
122 0
122 0
122 1
122 0
122 0
122 1
122 0
122 0
122 73
122 0
122 35
122 0
122 0
122 1
122 0
122 0
122 21
122 0
122 0
122 23
122 0
122 35
122 0
122 58
123 55
123 0
123 1
123 0
123 15
123 0
123 0
123 37
123 47
123 0
123 0
123 0
123 0
123 0
123 1
123 0
123 0
123 0
123 0
123 0
123 0
123 0
123 36
123 53
123 44
123 0
123 0
123 0
123 0
123 0
123 0
123 0
123 24
123 0
123 0
123 0
123 0
123 29
123 4
123 0
123 18
123 0
123 0
123 0
123 0
123 0
123 0
123 9
123 0
123 34
124 41
124 0
124 0
124 68
124 1
124 0
124 1
124 0
124 0
124 0
124 0
124 0
124 0
124 39
124 0
124 1
124 0
124 50
124 0
124 0
124 0
124 0
124 14
124 68
124 0
124 0
124 0
124 0
124 0
124 0
124 0
124 1
124 0
124 0
124 0
124 49
124 0
124 42
124 0
124 51
124 0
124 0
124 0
124 38
124 1
124 7
124 0
124 1
124 23
124 0
125 0
125 0
125 1
125 62
125 0
125 1
125 0
125 0
125 0
125 0
125 0
125 0
125 0
125 0
125 12
125 0
125 0
125 0
125 0
125 1
125 0
125 0
125 0
125 1
125 0
125 0
125 0
125 26
125 0
125 0
125 0
125 0
125 71
125 0
125 0
125 0
125 0
125 1
125 0
125 0
125 0
125 33
125 0
125 0
125 0
125 0
125 0
125 1
125 1
125 0
126 36
126 0
126 22
126 35
126 8
126 0
126 0
126 25
126 3
126 0
126 0
126 0
126 0
126 1
126 47
126 0
126 52
126 0
126 0
126 0
126 0
126 1
126 3
126 0
126 0
126 0
126 0
126 40
126 42
126 0
126 0
126 0
126 45
126 0
126 34
126 75
126 0
126 19
126 0
126 1
126 0
126 0
126 0
126 0
126 0
126 0
126 35
126 2
126 0
126 0
127 0
127 0
127 0
127 0
127 35
127 45
127 0
127 0
127 0
127 35
127 30
127 0
127 0
127 0
127 0
127 0
127 0
127 0
127 0
127 54
127 0
127 0
127 61
127 0
127 0
127 21
127 15
127 1
127 0
127 53
127 0
127 0
127 35
127 44
127 51
127 0
127 0
127 0
127 40
127 0
127 22
127 55
127 2
127 1
127 0
127 0
127 0
127 0
127 30
127 0
128 0
128 0
128 0
128 0
128 6
128 0
128 1
128 1
128 0
128 0
128 17
128 4
128 0
128 22
128 0
128 1
128 33
128 0
128 11
128 0
128 0
128 0
128 0
128 0
128 0
128 0
128 44
128 0
128 0
128 0
128 0
128 64
128 0
128 0
128 0
128 0
128 0
128 0
128 0
128 0
128 0
128 30
128 64
128 0
128 0
128 0
128 23
128 0
128 0
128 0
129 25
129 9
129 0
129 0
129 0
129 1
129 3
129 76
129 4
129 0
129 0
129 0
129 0
129 27
129 1
129 0
129 0
129 0
129 0
129 2
129 0
129 0
129 0
129 0
129 0
129 0
129 0
129 0
129 0
129 0
129 0
129 0
129 3
129 45
129 0
129 0
129 0
129 0
129 0
129 26
129 0
129 1
129 1
129 0
129 0
129 0
129 0
129 0
129 0
129 0
130 41
130 0
130 0
130 0
130 46
130 0
130 0
130 0
130 0
130 1
130 0
130 0
130 0
130 0
130 0
130 0
130 0
130 0
130 0
130 26
130 0
130 34
130 0
130 21
130 0
130 0
130 18
130 0
130 72
130 0
130 0
130 0
130 0
130 1
130 0
130 0
130 0
130 0
130 9
130 0
130 9
130 39
130 0
130 24
130 0
130 21
130 0
130 49
130 10
130 0
131 50
131 70
131 0
131 0
131 61
131 0
131 33
131 0
131 19
131 55
131 0
131 4
131 0
131 0
131 0
131 1
131 0
131 0
131 0
131 1
131 65
131 1
131 0
131 0
131 2
131 0
131 0
131 0
131 0
131 0
131 0
131 0
131 0
131 0
131 60
131 21
131 3
131 58
131 57
131 0
131 1
131 2
131 1
131 0
131 36
131 53
131 33
131 3
131 0
131 0
132 66
132 0
132 0
132 0
132 0
132 0
132 65
132 0
132 0
132 0
132 0
132 0
132 0
132 5
132 0
132 19
132 0
132 0
132 2
132 0
132 0
132 0
132 0
132 0
132 0
132 67
132 0
132 0
132 0
132 0
132 0
132 0
132 54
132 0
132 0
132 0
132 0
132 0
132 0
132 0
132 9
132 0
132 1
132 0
132 0
132 35
132 0
132 0
132 0
132 0
133 57
133 0
133 0
133 0
133 0
133 0
133 38
133 0
133 0
133 0
133 65
133 0
133 0
133 0
133 26
133 0
133 0
133 0
133 39
133 0
133 0
133 1
133 0
133 54
133 0
133 0
133 0
133 0
133 23
133 0
133 31
133 37
133 34
133 0
133 0
133 5
133 39
133 0
133 53
133 27
133 1
133 0
133 0
133 0
133 0
133 0
133 0
133 0
133 28
133 0
134 8
134 0
134 0
134 0
134 0
134 35
134 0
134 0
134 0
134 0
134 0
134 26
134 0
134 0
134 0
134 16
134 0
134 40
134 0
134 0
134 0
134 0
134 0
134 0
134 0
134 25
134 0
134 0
134 0
134 0
134 0
134 2
134 0
134 1
134 0
134 0
134 0
134 0
134 0
134 0
134 0
134 0
134 0
134 0
134 2
134 0
134 0
134 0
134 1
134 0
135 23
135 0
135 7
135 0
135 0
135 38
135 0
135 0
135 10
135 0
135 0
135 15
135 40
135 0
135 35
135 1
135 0
135 0
135 26
135 50
135 0
135 0
135 15
135 25
135 0
135 0
135 18
135 0
135 26
135 0
135 0
135 33
135 0
135 0
135 0
135 0
135 0
135 0
135 0
135 61
135 29
135 0
135 0
135 0
135 0
135 0
135 0
135 0
135 0
135 0
136 0
136 6
136 37
136 51
136 0
136 0
136 0
136 0
136 0
136 0
136 0
136 0
136 0
136 0
136 1
136 27
136 0
136 0
136 0
136 0
136 13
136 0
136 0
136 0
136 0
136 16
136 0
136 0
136 0
136 0
136 0
136 0
136 0
136 0
136 0
136 0
136 0
136 0
136 0
136 0
136 1
136 0
136 0
136 0
136 0
136 0
136 0
136 4
136 0
136 0
137 0
137 0
137 0
137 0
137 0
137 0
137 0
137 11
137 0
137 0
137 0
137 0
137 0
137 0
137 0
137 0
137 0
137 2
137 0
137 1
137 0
137 0
137 7
137 0
137 0
137 0
137 0
137 0
137 0
137 0
137 0
137 0
137 0
137 0
137 0
137 0
137 0
137 0
137 5
137 0
137 0
137 0
137 3
137 0
137 0
137 1
137 32
137 0
137 0
137 0
138 9
138 0
138 0
138 0
138 0
138 0
138 31
138 9
138 0
138 0
138 0
138 0
138 0
138 0
138 0
138 0
138 1
138 8
138 0
138 0
138 1
138 2
138 11
138 0
138 0
138 1
138 0
138 0
138 0
138 2
138 0
138 0
138 0
138 0
138 0
138 0
138 0
138 0
138 0
138 0
138 0
138 0
138 2
138 0
138 0
138 0
138 0
138 0
138 0
138 47
139 0
139 38
139 10
139 0
139 0
139 0
139 0
139 0
139 0
139 0
139 35
139 2
139 11
139 13
139 0
139 0
139 0
139 0
139 37
139 29
139 0
139 10
139 0
139 0
139 0
139 0
139 0
139 0
139 0
139 0
139 3
139 0
139 32
139 0
139 0
139 0
139 0
139 0
139 0
139 0
139 7
139 0
139 3
139 0
139 0
139 2
139 0
139 0
139 0
139 27
140 28
140 0
140 28
140 0
140 0
140 4
140 0
140 0
140 1
140 0
140 0
140 22
140 1
140 0
140 12
140 0
140 0
140 8
140 15
140 24
140 0
140 0
140 1
140 0
140 0
140 3
140 0
140 0
140 0
140 0
140 0
140 3
140 0
140 0
140 24
140 0
140 0
140 21
140 0
140 2
140 0
140 0
140 0
140 0
140 0
140 0
140 0
140 0
140 0
140 0
141 0
141 0
141 0
141 27
141 0
141 2
141 16
141 0
141 0
141 26
141 1
141 29
141 16
141 0
141 27
141 0
141 0
141 0
141 1
141 1
141 4
141 0
141 0
141 0
141 0
141 42
141 0
141 0
141 1
141 22
141 0
141 0
141 0
141 0
141 22
141 0
141 68
141 0
141 0
141 0
141 1
141 0
141 0
141 0
141 0
141 6
141 49
141 0
141 0
141 45
142 35
142 0
142 0
142 1
142 0
142 0
142 1
142 48
142 0
142 0
142 0
142 33
142 0
142 36
142 0
142 75
142 0
142 0
142 23
142 1
142 41
142 0
142 0
142 0
142 0
142 1
142 0
142 0
142 0
142 0
142 0
142 32
142 0
142 1
142 0
142 0
142 0
142 0
142 0
142 0
142 57
142 0
142 0
142 0
142 0
142 0
142 1
142 0
142 0
142 0
143 0
143 0
143 0
143 1
143 0
143 0
143 34
143 0
143 0
143 0
143 23
143 0
143 19
143 0
143 0
143 1
143 0
143 1
143 6
143 22
143 0
143 0
143 0
143 0
143 2
143 0
143 0
143 0
143 0
143 0
143 3
143 0
143 0
143 0
143 0
143 0
143 2
143 32
143 0
143 0
143 0
143 59
143 0
143 35
143 0
143 30
143 0
143 5
143 0
143 0
144 61
144 1
144 0
144 0
144 30
144 0
144 0
144 25
144 0
144 0
144 69
144 39
144 0
144 0
144 0
144 0
144 0
144 0
144 0
144 0
144 0
144 0
144 0
144 0
144 0
144 0
144 0
144 7
144 37
144 1
144 0
144 1
144 0
144 58
144 0
144 0
144 0
144 0
144 1
144 0
144 0
144 0
144 0
144 0
144 0
144 0
144 0
144 0
144 0
144 0
145 45
145 2
145 0
145 0
145 0
145 21
145 0
145 0
145 0
145 0
145 0
145 18
145 1
145 0
145 1
145 0
145 1
145 0
145 0
145 0
145 0
145 0
145 0
145 1
145 0
145 73
145 8
145 0
145 0
145 0
145 0
145 7
145 0
145 15
145 0
145 54
145 0
145 0
145 0
145 40
145 0
145 0
145 0
145 43
145 0
145 19
145 0
145 0
145 0
145 0
146 62
146 1
146 0
146 0
146 0
146 18
146 0
146 0
146 0
146 0
146 0
146 0
146 0
146 0
146 0
146 0
146 0
146 0
146 40
146 0
146 1
146 1
146 62
146 0
146 52
146 0
146 0
146 0
146 9
146 0
146 0
146 0
146 0
146 0
146 0
146 32
146 47
146 0
146 0
146 0
146 0
146 0
146 0
146 0
146 0
146 0
146 0
146 11
146 0
146 1
147 0
147 1
147 0
147 0
147 0
147 0
147 1
147 46
147 0
147 40
147 20
147 59
147 40
147 19
147 27
147 0
147 0
147 0
147 0
147 0
147 0
147 0
147 37
147 1
147 1
147 5
147 0
147 0
147 0
147 0
147 0
147 0
147 0
147 70
147 0
147 0
147 0
147 0
147 0
147 65
147 0
147 0
147 7
147 0
147 6
147 0
147 0
147 37
147 0
147 6
148 0
148 0
148 1
148 0
148 0
148 0
148 0
148 0
148 0
148 0
148 76
148 0
148 0
148 5
148 0
148 9
148 1
148 0
148 0
148 0
148 0
148 0
148 0
148 20
148 0
148 0
148 0
148 30
148 0
148 0
148 59
148 4
148 35
148 0
148 0
148 0
148 0
148 29
148 11
148 0
148 0
148 0
148 62
148 53
148 0
148 0
148 0
148 0
148 0
148 0
149 14
149 0
149 38
149 0
149 0
149 67
149 0
149 1
149 0
149 0
149 3
149 0
149 0
149 0
149 0
149 0
149 0
149 0
149 5
149 0
149 2
149 25
149 0
149 0
149 13
149 40
149 0
149 0
149 0
149 0
149 0
149 0
149 0
149 0
149 0
149 0
149 0
149 0
149 0
149 0
149 0
149 0
149 44
149 0
149 0
149 0
149 36
149 0
149 1
149 0
150 29
150 1
150 0
150 0
150 0
150 54
150 0
150 0
150 0
150 73
150 0
150 0
150 0
150 1
150 0
150 0
150 20
150 0
150 18
150 2
150 11
150 36
150 2
150 44
150 0
150 0
150 1
150 0
150 44
150 41
150 2
150 0
150 0
150 0
150 0
150 0
150 0
150 0
150 0
150 0
150 0
150 0
150 3
150 36
150 0
150 0
150 28
150 16
150 55
150 14
151 72
151 7
151 0
151 44
151 0
151 0
151 3
151 0
151 48
151 0
151 10
151 28
151 0
151 0
151 0
151 2
151 0
151 0
151 0
151 1
151 24
151 0
151 12
151 45
151 2
151 7
151 0
151 0
151 0
151 0
151 55
151 0
151 0
151 0
151 0
151 62
151 56
151 0
151 0
151 0
151 0
151 0
151 3
151 0
151 48
151 0
151 26
151 0
151 0
151 7
152 66
152 0
152 0
152 0
152 0
152 0
152 39
152 0
152 2
152 0
152 0
152 0
152 0
152 0
152 0
152 0
152 17
152 9
152 74
152 0
152 0
152 37
152 0
152 0
152 0
152 0
152 0
152 0
152 1
152 0
152 0
152 0
152 0
152 28
152 0
152 0
152 0
152 8
152 0
152 39
152 0
152 0
152 0
152 0
152 67
152 0
152 49
152 0
152 55
152 1
153 49
153 0
153 0
153 0
153 1
153 0
153 0
153 41
153 0
153 30
153 0
153 53
153 1
153 0
153 0
153 17
153 37
153 0
153 0
153 0
153 0
153 9
153 0
153 0
153 0
153 0
153 52
153 0
153 0
153 0
153 64
153 0
153 0
153 0
153 0
153 0
153 44
153 0
153 26
153 12
153 1
153 0
153 0
153 0
153 27
153 0
153 0
153 0
153 0
153 5
154 0
154 0
154 0
154 1
154 0
154 2
154 0
154 0
154 0
154 13
154 0
154 1
154 0
154 0
154 0
154 0
154 0
154 29
154 0
154 1
154 0
154 0
154 0
154 0
154 45
154 0
154 0
154 36
154 0
154 0
154 0
154 0
154 7
154 0
154 1
154 0
154 0
154 0
154 0
154 0
154 0
154 0
154 0
154 0
154 2
154 0
154 0
154 0
154 38
154 0
155 0
155 0
155 0
155 0
155 20
155 0
155 40
155 0
155 0
155 19
155 0
155 0
155 0
155 0
155 0
155 0
155 1
155 0
155 0
155 0
155 0
155 0
155 0
155 0
155 1
155 3
155 6
155 35
155 0
155 0
155 0
155 2
155 0
155 0
155 0
155 0
155 29
155 3
155 23
155 0
155 0
155 0
155 0
155 0
155 0
155 0
155 0
155 0
155 0
155 0
156 0
156 1
156 0
156 63
156 0
156 0
156 0
156 5
156 0
156 0
156 0
156 0
156 0
156 1
156 0
156 26
156 0
156 0
156 0
156 0
156 0
156 0
156 0
156 1
156 0
156 0
156 0
156 12
156 0
156 0
156 0
156 0
156 0
156 0
156 33
156 19
156 5
156 26
156 10
156 0
156 0
156 0
156 40
156 1
156 0
156 1
156 0
156 0
156 0
156 0
157 63
157 0
157 0
157 0
157 0
157 0
157 0
157 0
157 24
157 1
157 32
157 2
157 13
157 0
157 0
157 0
157 0
157 0
157 0
157 0
157 0
157 0
157 25
157 0
157 0
157 0
157 0
157 0
157 0
157 58
157 0
157 1
157 2
157 47
157 0
157 23
157 43
157 18
157 3
157 1
157 1
157 0
157 0
157 0
157 0
157 0
157 0
157 9
157 0
157 0
158 0
158 1
158 0
158 25
158 0
158 0
158 0
158 22
158 0
158 0
158 0
158 0
158 0
158 0
158 0
158 0
158 39
158 0
158 18
158 0
158 1
158 0
158 1
158 0
158 0
158 0
158 2
158 25
158 0
158 0
158 46
158 0
158 0
158 5
158 0
158 64
158 0
158 11
158 0
158 0
158 48
158 0
158 0
158 0
158 0
158 0
158 0
158 66
158 0
158 25
159 0
159 1
159 0
159 0
159 0
159 0
159 1
159 0
159 2
159 61
159 0
159 0
159 0
159 0
159 0
159 0
159 0
159 0
159 0
159 0
159 0
159 0
159 1
159 0
159 0
159 1
159 0
159 0
159 0
159 1
159 0
159 0
159 0
159 14
159 0
159 0
159 35
159 0
159 2
159 1
159 53
159 41
159 0
159 0
159 0
159 54
159 0
159 11
159 0
159 57
160 23
160 0
160 0
160 0
160 0
160 0
160 0
160 5
160 0
160 0
160 0
160 0
160 0
160 0
160 0
160 0
160 0
160 0
160 0
160 0
160 0
160 0
160 10
160 0
160 0
160 0
160 0
160 53
160 0
160 0
160 0
160 0
160 0
160 19
160 56
160 0
160 0
160 0
160 0
160 0
160 0
160 8
160 0
160 20
160 0
160 5
160 0
160 0
160 0
160 0
161 19
161 0
161 0
161 2
161 0
161 0
161 0
161 0
161 48
161 0
161 0
161 0
161 48
161 0
161 0
161 16
161 0
161 0
161 0
161 37
161 0
161 0
161 0
161 52
161 0
161 60
161 0
161 0
161 12
161 0
161 0
161 0
161 0
161 1
161 62
161 12
161 47
161 51
161 0
161 0
161 0
161 0
161 0
161 0
161 0
161 2
161 0
161 0
161 0
161 0
162 0
162 6
162 0
162 5
162 2
162 2
162 0
162 0
162 1
162 53
162 0
162 0
162 0
162 0
162 0
162 0
162 24
162 0
162 0
162 0
162 2
162 5
162 1
162 0
162 0
162 0
162 15
162 16
162 0
162 39
162 20
162 0
162 0
162 0
162 0
162 0
162 0
162 0
162 0
162 1
162 0
162 1
162 0
162 0
162 0
162 0
162 0
162 0
162 0
162 0
163 57
163 0
163 0
163 0
163 0
163 72
163 0
163 7
163 0
163 40
163 1
163 0
163 1
163 0
163 4
163 0
163 0
163 0
163 2
163 57
163 0
163 19
163 0
163 0
163 0
163 0
163 0
163 0
163 0
163 0
163 0
163 0
163 28
163 14
163 0
163 0
163 0
163 0
163 0
163 0
163 12
163 0
163 20
163 38
163 0
163 0
163 0
163 30
163 0
163 0
164 30
164 43
164 0
164 36
164 24
164 23
164 0
164 0
164 25
164 0
164 0
164 0
164 0
164 9
164 0
164 0
164 0
164 22
164 82
164 1
164 0
164 0
164 65
164 1
164 0
164 0
164 0
164 0
164 0
164 0
164 28
164 2
164 0
164 0
164 25
164 0
164 3
164 5
164 0
164 0
164 2
164 3
164 0
164 0
164 8
164 9
164 0
164 0
164 0
164 0
165 29
165 0
165 1
165 0
165 0
165 0
165 0
165 0
165 0
165 2
165 0
165 0
165 0
165 0
165 0
165 45
165 2
165 2
165 0
165 27
165 0
165 0
165 23
165 0
165 0
165 1
165 0
165 0
165 40
165 0
165 0
165 10
165 0
165 0
165 0
165 77
165 0
165 4
165 6
165 0
165 38
165 0
165 0
165 0
165 0
165 0
165 21
165 0
165 0
165 0
166 0
166 0
166 33
166 0
166 0
166 0
166 1
166 0
166 0
166 26
166 0
166 0
166 43
166 0
166 0
166 0
166 0
166 64
166 0
166 0
166 0
166 0
166 0
166 56
166 0
166 0
166 0
166 0
166 35
166 34
166 26
166 1
166 0
166 0
166 0
166 21
166 44
166 36
166 0
166 0
166 25
166 0
166 0
166 0
166 18
166 0
166 0
166 42
166 0
166 0
167 21
167 0
167 0
167 0
167 2
167 1
167 0
167 11
167 0
167 0
167 70
167 0
167 0
167 0
167 0
167 0
167 14
167 0
167 0
167 41
167 0
167 23
167 0
167 0
167 23
167 0
167 1
167 0
167 0
167 0
167 0
167 0
167 0
167 0
167 38
167 1
167 1
167 0
167 0
167 1
167 0
167 0
167 0
167 0
167 0
167 0
167 1
167 1
167 0
167 1
168 0
168 20
168 0
168 0
168 27
168 0
168 22
168 2
168 44
168 0
168 0
168 0
168 0
168 5
168 0
168 0
168 0
168 0
168 0
168 44
168 0
168 51
168 1
168 0
168 0
168 22
168 22
168 3
168 40
168 0
168 56
168 0
168 0
168 0
168 0
168 0
168 0
168 0
168 0
168 0
168 0
168 42
168 41
168 0
168 0
168 0
168 62
168 0
168 0
168 1
169 0
169 0
169 0
169 1
169 0
169 0
169 0
169 4
169 0
169 0
169 59
169 1
169 0
169 0
169 0
169 0
169 45
169 0
169 0
169 0
169 0
169 43
169 0
169 0
169 0
169 1
169 0
169 0
169 0
169 0
169 0
169 0
169 1
169 13
169 0
169 1
169 0
169 0
169 54
169 0
169 0
169 0
169 31
169 0
169 0
169 0
169 0
169 0
169 0
169 0
170 0
170 24
170 0
170 0
170 0
170 1
170 53
170 0
170 0
170 0
170 43
170 0
170 0
170 0
170 0
170 0
170 0
170 1
170 67
170 0
170 0
170 0
170 53
170 0
170 0
170 0
170 1
170 13
170 37
170 11
170 0
170 48
170 0
170 3
170 34
170 0
170 0
170 0
170 0
170 0
170 16
170 0
170 0
170 0
170 0
170 87
170 14
170 0
170 0
170 0
171 56
171 4
171 0
171 11
171 0
171 2
171 2
171 0
171 0
171 0
171 25
171 8
171 10
171 0
171 0
171 46
171 1
171 5
171 0
171 0
171 0
171 0
171 0
171 0
171 0
171 0
171 2
171 1
171 0
171 0
171 0
171 3
171 26
171 0
171 0
171 32
171 26
171 14
171 0
171 0
171 0
171 0
171 29
171 0
171 0
171 0
171 0
171 1
171 48
171 1
172 67
172 1
172 2
172 0
172 0
172 24
172 0
172 0
172 19
172 0
172 0
172 8
172 0
172 0
172 59
172 0
172 0
172 0
172 20
172 0
172 0
172 0
172 0
172 0
172 0
172 0
172 0
172 0
172 0
172 0
172 0
172 1
172 0
172 0
172 16
172 0
172 0
172 0
172 0
172 0
172 0
172 1
172 0
172 1
172 0
172 0
172 43
172 32
172 0
172 0
173 0
173 0
173 0
173 0
173 0
173 1
173 0
173 53
173 0
173 0
173 0
173 0
173 0
173 62
173 0
173 0
173 20
173 0
173 0
173 0
173 1
173 28
173 0
173 0
173 29
173 0
173 68
173 0
173 1
173 0
173 60
173 0
173 0
173 0
173 0
173 0
173 0
173 0
173 0
173 0
173 0
173 1
173 2
173 28
173 30
173 55
173 0
173 0
173 18
173 0
174 0
174 0
174 0
174 46
174 17
174 0
174 0
174 0
174 4
174 0
174 69
174 78
174 0
174 0
174 56
174 0
174 0
174 40
174 0
174 0
174 0
174 65
174 2
174 12
174 0
174 0
174 42
174 39
174 0
174 0
174 0
174 0
174 1
174 0
174 54
174 0
174 52
174 0
174 0
174 37
174 0
174 0
174 0
174 0
174 0
174 1
174 1
174 0
174 25
174 0
175 34
175 0
175 0
175 10
175 0
175 0
175 0
175 0
175 0
175 43
175 0
175 1
175 0
175 13
175 0
175 5
175 53
175 0
175 0
175 9
175 22
175 0
175 3
175 0
175 0
175 0
175 0
175 0
175 0
175 0
175 0
175 0
175 0
175 0
175 0
175 0
175 0
175 0
175 0
175 16
175 0
175 0
175 0
175 0
175 0
175 0
175 70
175 40
175 1
175 0
176 0
176 0
176 5
176 0
176 0
176 9
176 0
176 0
176 50
176 61
176 10
176 0
176 0
176 19
176 0
176 0
176 0
176 57
176 6
176 18
176 66
176 0
176 1
176 50
176 46
176 1
176 39
176 0
176 7
176 42
176 39
176 0
176 0
176 58
176 52
176 0
176 0
176 0
176 0
176 0
176 27
176 0
176 43
176 59
176 0
176 0
176 0
176 0
176 0
176 0
177 56
177 0
177 0
177 0
177 0
177 16
177 0
177 0
177 6
177 0
177 0
177 0
177 0
177 0
177 0
177 0
177 1
177 32
177 36
177 0
177 0
177 47
177 1
177 71
177 36
177 0
177 0
177 0
177 0
177 47
177 0
177 70
177 0
177 21
177 0
177 0
177 0
177 41
177 1
177 52
177 16
177 0
177 50
177 0
177 0
177 0
177 28
177 0
177 6
177 0
178 0
178 0
178 26
178 0
178 0
178 0
178 0
178 0
178 1
178 0
178 0
178 0
178 62
178 0
178 9
178 8
178 2
178 0
178 0
178 0
178 2
178 1
178 0
178 0
178 92
178 1
178 0
178 0
178 23
178 0
178 0
178 0
178 0
178 0
178 9
178 0
178 0
178 0
178 0
178 0
178 0
178 0
178 45
178 0
178 1
178 0
178 0
178 0
178 0
178 0
179 0
179 0
179 46
179 30
179 5
179 4
179 0
179 0
179 0
179 0
179 40
179 0
179 0
179 9
179 7
179 0
179 0
179 0
179 0
179 0
179 0
179 0
179 0
179 0
179 0
179 0
179 0
179 70
179 0
179 0
179 0
179 0
179 0
179 36
179 0
179 0
179 0
179 0
179 0
179 0
179 9
179 7
179 0
179 70
179 67
179 0
179 1
179 0
179 35
179 0
180 0
180 0
180 0
180 24
180 1
180 47
180 0
180 0
180 0
180 0
180 0
180 0
180 0
180 0
180 0
180 0
180 2
180 2
180 0
180 0
180 0
180 2
180 25
180 1
180 3
180 0
180 0
180 0
180 0
180 0
180 0
180 0
180 0
180 0
180 0
180 35
180 1
180 0
180 0
180 0
180 0
180 0
180 1
180 0
180 1
180 0
180 0
180 0
180 0
180 57
181 41
181 0
181 0
181 20
181 21
181 0
181 0
181 0
181 0
181 0
181 0
181 0
181 0
181 0
181 11
181 1
181 27
181 40
181 0
181 0
181 41
181 20
181 0
181 1
181 3
181 1
181 7
181 0
181 0
181 0
181 0
181 18
181 0
181 0
181 13
181 0
181 29
181 71
181 23
181 0
181 0
181 0
181 49
181 0
181 0
181 0
181 0
181 26
181 0
181 0
182 0
182 0
182 5
182 0
182 53
182 1
182 0
182 0
182 17
182 0
182 0
182 0
182 0
182 0
182 1
182 0
182 0
182 0
182 0
182 0
182 0
182 5
182 9
182 0
182 0
182 0
182 23
182 28
182 74
182 88
182 0
182 0
182 0
182 0
182 0
182 0
182 34
182 0
182 0
182 0
182 77
182 8
182 0
182 0
182 0
182 0
182 0
182 0
182 59
182 0
183 0
183 0
183 0
183 0
183 0
183 0
183 0
183 1
183 0
183 0
183 1
183 0
183 0
183 0
183 0
183 2
183 0
183 0
183 0
183 0
183 0
183 0
183 50
183 20
183 0
183 0
183 0
183 0
183 0
183 0
183 0
183 0
183 0
183 0
183 0
183 0
183 0
183 59
183 0
183 0
183 67
183 75
183 0
183 0
183 0
183 39
183 4
183 9
183 0
183 28
184 0
184 0
184 0
184 30
184 0
184 0
184 0
184 0
184 0
184 4
184 0
184 0
184 0
184 0
184 0
184 10
184 0
184 1
184 0
184 56
184 13
184 0
184 7
184 1
184 45
184 0
184 20
184 0
184 0
184 0
184 0
184 0
184 0
184 0
184 0
184 56
184 0
184 0
184 0
184 25
184 0
184 0
184 43
184 60
184 0
184 0
184 0
184 0
184 0
184 0
185 0
185 0
185 0
185 0
185 0
185 0
185 0
185 0
185 23
185 0
185 0
185 0
185 0
185 0
185 0
185 9
185 0
185 0
185 0
185 0
185 0
185 0
185 2
185 0
185 0
185 0
185 40
185 7
185 0
185 0
185 0
185 0
185 0
185 0
185 1
185 48
185 0
185 0
185 0
185 0
185 0
185 0
185 6
185 1
185 1
185 0
185 0
185 2
185 34
185 0
186 29
186 0
186 0
186 0
186 0
186 1
186 0
186 44
186 0
186 0
186 0
186 0
186 3
186 0
186 35
186 0
186 0
186 14
186 0
186 40
186 0
186 61
186 0
186 0
186 18
186 2
186 2
186 0
186 16
186 50
186 0
186 19
186 49
186 0
186 0
186 4
186 0
186 0
186 1
186 17
186 4
186 8
186 0
186 0
186 0
186 32
186 0
186 0
186 0
186 0
187 33
187 0
187 1
187 1
187 24
187 27
187 0
187 0
187 0
187 1
187 0
187 0
187 3
187 27
187 0
187 17
187 0
187 64
187 0
187 0
187 0
187 0
187 1
187 0
187 0
187 0
187 0
187 0
187 0
187 0
187 0
187 9
187 1
187 1
187 0
187 0
187 0
187 2
187 0
187 0
187 0
187 0
187 1
187 0
187 0
187 0
187 1
187 0
187 28
187 0
188 35
188 0
188 0
188 0
188 28
188 0
188 0
188 0
188 22
188 1
188 24
188 18
188 0
188 1
188 8
188 5
188 0
188 6
188 8
188 47
188 22
188 9
188 0
188 15
188 0
188 0
188 0
188 22
188 0
188 0
188 0
188 0
188 49
188 37
188 0
188 35
188 0
188 0
188 41
188 0
188 0
188 0
188 1
188 0
188 12
188 27
188 42
188 0
188 0
188 0
189 43
189 45
189 0
189 52
189 1
189 0
189 0
189 4
189 7
189 0
189 0
189 0
189 0
189 0
189 27
189 0
189 0
189 28
189 0
189 0
189 0
189 0
189 4
189 16
189 0
189 0
189 0
189 0
189 0
189 1
189 70
189 0
189 0
189 0
189 1
189 0
189 0
189 0
189 37
189 0
189 0
189 0
189 0
189 1
189 0
189 0
189 15
189 0
189 54
189 0
190 0
190 1
190 3
190 0
190 0
190 0
190 19
190 0
190 0
190 0
190 1
190 0
190 18
190 0
190 0
190 0
190 0
190 0
190 0
190 1
190 0
190 0
190 33
190 5
190 56
190 10
190 0
190 0
190 67
190 33
190 0
190 0
190 0
190 8
190 0
190 0
190 0
190 16
190 0
190 67
190 19
190 0
190 0
190 3
190 0
190 0
190 1
190 5
190 0
190 42
191 57
191 0
191 0
191 0
191 0
191 1
191 0
191 0
191 0
191 0
191 0
191 0
191 0
191 0
191 0
191 1
191 0
191 1
191 29
191 0
191 0
191 0
191 0
191 0
191 0
191 0
191 23
191 0
191 0
191 0
191 0
191 0
191 0
191 0
191 0
191 0
191 0
191 0
191 47
191 45
191 0
191 0
191 0
191 0
191 0
191 1
191 19
191 4
191 0
191 36
192 0
192 0
192 0
192 0
192 0
192 0
192 21
192 0
192 0
192 1
192 0
192 1
192 0
192 52
192 0
192 0
192 0
192 28
192 0
192 0
192 0
192 0
192 0
192 0
192 1
192 0
192 0
192 0
192 0
192 0
192 0
192 0
192 0
192 0
192 35
192 0
192 0
192 0
192 0
192 16
192 1
192 0
192 13
192 0
192 1
192 0
192 0
192 0
192 0
192 0
193 0
193 6
193 0
193 0
193 1
193 1
193 0
193 0
193 0
193 1
193 0
193 0
193 0
193 0
193 58
193 47
193 33
193 0
193 0
193 0
193 21
193 0
193 0
193 0
193 10
193 0
193 0
193 0
193 0
193 0
193 26
193 0
193 0
193 0
193 0
193 0
193 0
193 0
193 0
193 0
193 0
193 0
193 0
193 36
193 0
193 0
193 54
193 0
193 3
193 0
194 74
194 1
194 0
194 0
194 39
194 0
194 0
194 0
194 2
194 0
194 0
194 46
194 0
194 0
194 61
194 0
194 0
194 0
194 0
194 19
194 0
194 54
194 0
194 0
194 77
194 0
194 0
194 0
194 0
194 0
194 0
194 8
194 0
194 0
194 36
194 0
194 0
194 0
194 0
194 42
194 1
194 1
194 31
194 0
194 0
194 0
194 0
194 5
194 1
194 1
195 0
195 0
195 0
195 37
195 0
195 0
195 0
195 25
195 0
195 0
195 0
195 0
195 29
195 0
195 60
195 0
195 0
195 0
195 0
195 34
195 0
195 0
195 73
195 0
195 0
195 0
195 0
195 0
195 61
195 0
195 1
195 0
195 0
195 64
195 0
195 0
195 0
195 0
195 0
195 0
195 0
195 0
195 0
195 0
195 0
195 57
195 0
195 0
195 0
195 0
196 0
196 0
196 0
196 0
196 0
196 0
196 0
196 0
196 0
196 0
196 0
196 0
196 0
196 0
196 0
196 0
196 0
196 0
196 0
196 1
196 53
196 1
196 0
196 0
196 22
196 0
196 0
196 0
196 0
196 37
196 0
196 0
196 0
196 43
196 52
196 0
196 0
196 0
196 0
196 6
196 0
196 0
196 0
196 0
196 0
196 0
196 0
196 2
196 0
196 0
197 0
197 0
197 1
197 0
197 1
197 0
197 0
197 18
197 43
197 0
197 0
197 0
197 0
197 0
197 0
197 1
197 0
197 0
197 0
197 0
197 36
197 0
197 6
197 0
197 0
197 46
197 0
197 0
197 0
197 0
197 53
197 0
197 0
197 0
197 0
197 0
197 0
197 0
197 0
197 0
197 0
197 0
197 0
197 0
197 0
197 0
197 0
197 0
197 0
197 0
198 57
198 1
198 32
198 1
198 0
198 0
198 1
198 2
198 0
198 0
198 0
198 1
198 29
198 0
198 0
198 0
198 0
198 0
198 25
198 4
198 0
198 39
198 57
198 56
198 0
198 0
198 0
198 72
198 0
198 0
198 46
198 0
198 6
198 0
198 0
198 18
198 0
198 3
198 0
198 0
198 0
198 0
198 54
198 0
198 1
198 0
198 0
198 47
198 0
198 0
199 11
199 0
199 72
199 0
199 0
199 0
199 0
199 1
199 37
199 70
199 0
199 97
199 0
199 2
199 0
199 26
199 0
199 31
199 0
199 0
199 66
199 37
199 0
199 71
199 1
199 39
199 0
199 2
199 38
199 61
199 1
199 0
199 0
199 1
199 1
199 0
199 52
199 0
199 1
199 0
199 0
199 0
199 43
199 5
199 0
199 0
199 0
199 0
199 0
199 45
200 57
200 1
200 0
200 0
200 0
200 29
200 0
200 0
200 1
200 0
200 0
200 0
200 0
200 56
200 23
200 0
200 0
200 0
200 0
200 0
200 44
200 0
200 0
200 0
200 46
200 1
200 0
200 0
200 26
200 0
200 0
200 0
200 0
200 8
200 0
200 0
200 1
200 40
200 0
200 52
200 0
200 56
200 0
200 0
200 0
200 0
200 0
200 1
200 0
200 10
