1 0
1 -21
1 -21
1 -22
1 15
1 -21
1 -21
1 -21
1 -22
1 -22
1 -22
1 -21
1 -10
1 10
1 -22
1 -21
1 -22
1 -21
1 -22
1 10
1 -22
1 -22
1 -22
1 -21
1 -21
1 -21
1 -21
1 -10
1 -21
1 -22
1 -22
1 10
1 10
1 -21
1 -21
1 -21
1 -22
1 -21
1 -22
1 -21
1 -21
1 5
1 -21
1 -22
1 -22
1 -21
1 -22
1 -22
1 17
1 -23
2 -21
2 -22
2 -22
2 -15
2 -10
2 -21
2 -21
2 -21
2 -21
2 -22
2 -21
2 -21
2 -21
2 -21
2 -21
2 15
2 -21
2 -22
2 -21
2 -21
2 -22
2 -21
2 -22
2 10
2 -21
2 190
2 -21
2 -10
2 -21
2 -5
2 15
2 -22
2 -21
2 -21
2 -23
2 -21
2 -22
2 -10
2 -21
2 -3
2 5
2 -21
2 -22
2 75
2 -21
2 -15
2 -21
2 -21
2 -21
2 -21
3 -21
3 -22
3 -21
3 -21
3 -21
3 -21
3 5
3 15
3 15
3 0
3 15
3 -21
3 -21
3 -21
3 -21
3 -21
3 -5
3 -21
3 -22
3 -22
3 -21
3 10
3 -21
3 -15
3 -21
3 0
3 -21
3 -21
3 80
3 -21
3 -15
3 -21
3 0
3 -22
3 0
3 -21
3 15
3 -15
3 -21
3 15
3 -21
3 -21
3 -20
3 15
3 -21
3 -21
3 -21
3 -22
3 -5
3 -21
4 5
4 -21
4 -10
4 -21
4 -21
4 -21
4 -21
4 -21
4 -22
4 -21
4 -5
4 -21
4 -21
4 -21
4 -21
4 -21
4 -21
4 -21
4 -21
4 -21
4 -21
4 -21
4 -22
4 -21
4 5
4 -21
4 5
4 0
4 -5
4 -22
4 -21
4 -21
4 -21
4 -5
4 -21
4 -22
4 -21
4 -22
4 -21
4 -17
4 -22
4 10
4 10
4 -21
4 -21
4 -21
4 15
4 -21
4 -21
4 -21
5 -21
5 -21
5 -20
5 -15
5 -15
5 -21
5 15
5 -21
5 -21
5 -21
5 -21
5 -21
5 -21
5 -21
5 -21
5 -21
5 -20
5 -21
5 -21
5 -22
5 0
5 99
5 -21
5 -21
5 -21
5 -21
5 -21
5 -21
5 -22
5 -21
5 -21
5 -21
5 -21
5 -23
5 -21
5 -15
5 -21
5 -21
5 -21
5 -21
5 -21
5 -20
5 -10
5 -21
5 -20
5 -21
5 10
5 -21
5 -21
5 -21
6 -21
6 -20
6 -21
6 -20
6 -21
6 110
6 -21
6 -21
6 -21
6 10
6 -15
6 -22
6 -21
6 -21
6 -21
6 -10
6 -22
6 -21
6 -21
6 15
6 -21
6 -23
6 -21
6 -15
6 -15
6 5
6 -21
6 -5
6 -22
6 -20
6 -21
6 -21
6 5
6 -21
6 -21
6 -21
6 -22
6 -22
6 -22
6 0
6 -21
6 -15
6 15
6 -21
6 -22
6 -21
6 -21
6 -21
6 128
6 -21
7 15
7 -20
7 -22
7 123
7 -21
7 -10
7 -21
7 200
7 -21
7 120
7 -21
7 -21
7 -21
7 -22
7 -21
7 -22
7 -21
7 -21
7 -21
7 -22
7 -21
7 101
7 -21
7 -10
7 -21
7 -22
7 -21
7 -21
7 -21
7 -3
7 -21
7 -20
7 15
7 0
7 -21
7 -21
7 -21
7 -21
7 -21
7 117
7 -21
7 -21
7 220
7 110
7 -21
7 -21
7 5
7 -21
7 -21
7 -21
8 0
8 -21
8 -21
8 -21
8 -21
8 5
8 -10
8 -15
8 208
8 -3
8 -21
8 -21
8 -21
8 5
8 112
8 -21
8 -21
8 -21
8 -21
8 -21
8 -22
8 77
8 205
8 -21
8 0
8 -21
8 -21
8 -15
8 0
8 2
8 126
8 -21
8 -13
8 -21
8 -21
8 -23
8 -22
8 -21
8 -22
8 -21
8 10
8 -21
8 -21
8 70
8 -8
8 -21
8 -21
8 -10
8 -21
8 -22
9 -5
9 -21
9 -21
9 -3
9 -22
9 120
9 -20
9 -22
9 -21
9 -21
9 115
9 -21
9 -21
9 -21
9 12
9 -21
9 -21
9 -21
9 -21
9 -22
9 5
9 -21
9 5
9 -21
9 130
9 -21
9 -21
9 -21
9 -21
9 77
9 -21
9 15
9 -21
9 -3
9 85
9 -21
9 -21
9 -21
9 -22
9 -21
9 -22
9 -21
9 -22
9 221
9 -21
9 -10
9 101
9 -21
9 -21
9 10
10 -5
10 -21
10 -21
10 10
10 0
10 -21
10 -21
10 119
10 -15
10 -21
10 -22
10 -21
10 -21
10 -22
10 -21
10 -21
10 -21
10 -21
10 -21
10 -23
10 -21
10 -21
10 -22
10 -21
10 -21
10 15
10 -23
10 -17
10 -21
10 -17
10 -21
10 -15
10 -21
10 -21
10 -21
10 -21
10 -21
10 -21
10 -21
10 113
10 0
10 -21
10 -21
10 -21
10 -21
10 -21
10 90
10 -23
10 -21
10 -21
11 -15
11 -3
11 -21
11 -21
11 106
11 -21
11 -21
11 87
11 5
11 -21
11 128
11 5
11 -21
11 -21
11 118
11 -21
11 -21
11 102
11 -10
11 -21
11 -22
11 -21
11 5
11 -21
11 -21
11 -21
11 -21
11 -21
11 -21
11 -22
11 -22
11 -21
11 -21
11 126
11 -21
11 -21
11 -21
11 -5
11 82
11 0
11 -21
11 -21
11 -21
11 -21
11 -23
11 -21
11 -21
11 5
11 0
11 -21
12 -21
12 0
12 -5
12 94
12 -21
12 -21
12 -21
12 -21
12 10
12 -21
12 -20
12 15
12 -21
12 -21
12 -21
12 -21
12 -22
12 -21
12 -21
12 -21
12 -21
12 -5
12 -22
12 -21
12 -21
12 92
12 -22
12 -21
12 -21
12 -21
12 -21
12 -21
12 -22
12 89
12 110
12 -21
12 -21
12 -21
12 -21
12 -21
12 103
12 -21
12 -21
12 106
12 -21
12 -21
12 -13
12 121
12 -21
12 -21
13 -22
13 -21
13 -21
13 105
13 -21
13 74
13 -5
13 0
13 -22
13 -21
13 -21
13 -21
13 -21
13 75
13 78
13 -21
13 69
13 -21
13 71
13 -21
13 -21
13 -21
13 88
13 -22
13 77
13 -21
13 -21
13 110
13 -21
13 -19
13 -21
13 -22
13 -23
13 -21
13 -21
13 -22
13 -21
13 -21
13 73
13 -21
13 -21
13 121
13 -21
13 102
13 -21
13 -21
13 123
13 -23
13 -21
13 90
14 120
14 -17
14 -23
14 -21
14 -21
14 15
14 -21
14 -21
14 -17
14 -17
14 -21
14 -21
14 -21
14 99
14 -20
14 104
14 -21
14 -21
14 96
14 -21
14 -21
14 -21
14 -21
14 -21
14 105
14 -21
14 -21
14 -21
14 -21
14 96
14 -21
14 111
14 -21
14 -21
14 -21
14 -22
14 -17
14 -21
14 -22
14 104
14 15
14 -21
14 -21
14 -21
14 76
14 -21
14 -21
14 -21
14 -21
14 -23
15 -21
15 -21
15 -23
15 -17
15 -21
15 15
15 -21
15 -21
15 -22
15 -21
15 -21
15 0
15 -21
15 -21
15 -21
15 -17
15 -17
15 -21
15 -21
15 -23
15 -21
15 -21
15 -21
15 -22
15 -22
15 -21
15 -21
15 120
15 -21
15 -21
15 73
15 79
15 -21
15 -22
15 105
15 -21
15 -21
15 88
15 -21
15 -21
15 -21
15 -21
15 -21
15 113
15 -21
15 94
15 -21
15 -21
15 90
15 -21
16 -21
16 -21
16 -21
16 -21
16 -21
16 -21
16 15
16 -21
16 -21
16 -21
16 118
16 -21
16 104
16 110
16 -22
16 99
16 -21
16 5
16 -21
16 -23
16 2
16 -23
16 -21
16 75
16 -22
16 -21
16 -22
16 -21
16 -18
16 -23
16 -21
16 -21
16 -21
16 -21
16 -21
16 -17
16 116
16 -21
16 87
16 -21
16 -17
16 -10
16 -15
16 72
16 122
16 104
16 -21
16 -22
16 116
16 0
17 117
17 -22
17 -22
17 120
17 15
17 12
17 -21
17 -21
17 -22
17 10
17 -21
17 78
17 -5
17 169
17 102
17 -21
17 -21
17 121
17 -20
17 -21
17 -23
17 -21
17 -21
17 -21
17 -21
17 15
17 -23
17 -21
17 -21
17 124
17 107
17 -21
17 -21
17 -21
17 -22
17 -15
17 -23
17 -22
17 -21
17 -21
17 -21
17 -21
17 -21
17 -21
17 -21
17 -21
17 -21
17 -21
17 -21
17 -21
18 -21
18 -21
18 113
18 -21
18 -21
18 -21
18 -21
18 96
18 95
18 -21
18 -21
18 73
18 -21
18 -21
18 -21
18 80
18 -21
18 118
18 -20
18 -22
18 -23
18 -21
18 -21
18 122
18 -21
18 81
18 -21
18 -22
18 -21
18 -21
18 -21
18 -21
18 -21
18 7
18 -21
18 -21
18 -21
18 -21
18 77
18 216
18 -21
18 -21
18 -21
18 115
18 -21
18 -21
18 110
18 10
18 12
18 107
19 77
19 -3
19 79
19 84
19 -21
19 -21
19 -21
19 -21
19 83
19 5
19 -21
19 -21
19 101
19 111
19 -21
19 225
19 -15
19 -21
19 -21
19 -23
19 -21
19 -21
19 -21
19 101
19 5
19 -21
19 80
19 5
19 -21
19 -21
19 74
19 10
19 -21
19 -21
19 -21
19 -21
19 -20
19 -21
19 106
19 109
19 97
19 -21
19 -21
19 105
19 96
19 -21
19 -21
19 -21
19 -21
19 -21
20 80
20 -21
20 -21
20 -21
20 -21
20 -21
20 0
20 -21
20 -22
20 -21
20 15
20 -21
20 -21
20 -21
20 -21
20 -5
20 97
20 -22
20 -21
20 10
20 -21
20 82
20 -21
20 -21
20 -21
20 -21
20 89
20 106
20 -21
20 104
20 -23
20 -22
20 -21
20 95
20 -21
20 -21
20 -21
20 -22
20 108
20 -20
20 -10
20 -21
20 67
20 -21
20 -21
20 -21
20 -21
20 -22
20 -21
20 -21
21 99
21 -21
21 10
21 -21
21 -20
21 -21
21 97
21 -21
21 -22
21 -21
21 -21
21 77
21 91
21 -21
21 107
21 -21
21 71
21 -21
21 -21
21 106
21 -15
21 82
21 -21
21 204
21 115
21 -21
21 115
21 -15
21 110
21 -21
21 87
21 -21
21 -20
21 -21
21 -21
21 -3
21 -21
21 -13
21 -21
21 -21
21 -21
21 0
21 -21
21 114
21 109
21 92
21 98
21 97
21 -23
21 -21
22 108
22 -23
22 128
22 -21
22 -21
22 -21
22 -21
22 10
22 -21
22 -21
22 15
22 105
22 211
22 -21
22 -21
22 242
22 -21
22 5
22 15
22 -21
22 -21
22 112
22 -23
22 -21
22 324
22 -21
22 72
22 -21
22 -21
22 -22
22 -21
22 102
22 105
22 110
22 -21
22 87
22 -21
22 -21
22 -21
22 15
22 -21
22 -21
22 -21
22 -21
22 -21
22 5
22 96
22 15
22 -21
22 -21
23 113
23 -21
23 109
23 103
23 -21
23 -13
23 -21
23 -21
23 -21
23 109
23 -21
23 -21
23 -21
23 -20
23 -5
23 -21
23 83
23 -21
23 15
23 -21
23 -21
23 114
23 15
23 -21
23 -21
23 217
23 -21
23 110
23 247
23 -22
23 -21
23 112
23 103
23 -22
23 -21
23 -21
23 -22
23 124
23 -10
23 5
23 -21
23 116
23 84
23 88
23 -21
23 -21
23 -21
23 -21
23 -21
23 -21
24 -5
24 15
24 -21
24 -21
24 98
24 -21
24 -21
24 575
24 -21
24 -21
24 -21
24 -22
24 -21
24 94
24 -21
24 -10
24 110
24 -21
24 -21
24 104
24 -21
24 5
24 -21
24 -21
24 -22
24 -20
24 -22
24 -22
24 -21
24 110
24 -21
24 -21
24 0
24 -22
24 -21
24 97
24 -21
24 124
24 -21
24 -20
24 83
24 -21
24 -21
24 -22
24 15
24 -22
24 15
24 -21
24 -21
24 86
25 -21
25 -21
25 -21
25 -21
25 -22
25 -10
25 -22
25 -21
25 -21
25 -21
25 -21
25 -21
25 -21
25 15
25 -21
25 -10
25 15
25 -21
25 96
25 -21
25 -21
25 -21
25 -21
25 -21
25 109
25 -21
25 241
25 -20
25 -21
25 -22
25 -21
25 -5
25 -21
25 107
25 0
25 -21
25 -20
25 -21
25 -21
25 112
25 -21
25 90
25 10
25 -21
25 119
25 113
25 -21
25 210
25 -21
25 -21
26 -21
26 -21
26 -21
26 -21
26 -21
26 -21
26 -22
26 -21
26 -21
26 -21
26 84
26 -21
26 -21
26 118
26 -10
26 -23
26 -21
26 10
26 -21
26 -21
26 -5
26 -20
26 -10
26 -21
26 -21
26 -23
26 113
26 -21
26 -21
26 -21
26 -21
26 -21
26 -21
26 116
26 0
26 -21
26 -21
26 -21
26 -21
26 -21
26 -21
26 -21
26 -21
26 -21
26 -21
26 0
26 -21
26 84
26 15
26 90
27 -21
27 99
27 -21
27 78
27 215
27 -15
27 -21
27 -22
27 105
27 -21
27 -21
27 -21
27 -21
27 -21
27 -21
27 -21
27 -21
27 -21
27 114
27 84
27 86
27 -21
27 97
27 120
27 83
27 -22
27 12
27 -21
27 -15
27 -21
27 -22
27 -22
27 217
27 114
27 -21
27 204
27 -22
27 -21
27 -21
27 105
27 -21
27 93
27 -21
27 -21
27 -21
27 -22
27 120
27 -21
27 10
27 -21
28 113
28 -22
28 -10
28 116
28 -22
28 -21
28 15
28 0
28 -15
28 -21
28 -21
28 -15
28 -21
28 -21
28 -21
28 118
28 -21
28 -21
28 -21
28 -23
28 -21
28 -22
28 -21
28 90
28 -21
28 -21
28 203
28 -22
28 -21
28 -21
28 95
28 -23
28 127
28 -22
28 121
28 -21
28 -21
28 5
28 -22
28 107
28 125
28 -21
28 -21
28 126
28 -21
28 -21
28 -21
28 93
28 105
28 -21
29 -21
29 -21
29 -16
29 79
29 -22
29 -21
29 -21
29 -21
29 -21
29 -20
29 -23
29 -21
29 5
29 -21
29 95
29 -21
29 120
29 -21
29 -21
29 -21
29 -21
29 -23
29 106
29 -21
29 -22
29 -21
29 -21
29 5
29 -23
29 -23
29 -21
29 98
29 105
29 -21
29 101
29 116
29 -21
29 -21
29 -21
29 -21
29 -21
29 124
29 -21
29 107
29 5
29 -21
29 -21
29 112
29 -21
29 -21
30 -21
30 -22
30 -22
30 103
30 -22
30 -21
30 -21
30 -21
30 -21
30 15
30 -21
30 -21
30 -21
30 -21
30 99
30 -21
30 197
30 102
30 -21
30 113
30 -21
30 -21
30 -21
30 -21
30 -13
30 -21
30 -21
30 -8
30 85
30 -22
30 104
30 111
30 15
30 -21
30 94
30 -21
30 -21
30 -21
30 -20
30 126
30 85
30 164
30 121
30 110
30 -21
30 -21
30 15
30 17
30 -21
30 173
31 -21
31 -22
31 -20
31 -21
31 -22
31 -21
31 -22
31 -21
31 83
31 79
31 -21
31 -21
31 -21
31 -21
31 181
31 -21
31 222
31 -21
31 -21
31 7
31 -22
31 -22
31 -21
31 -15
31 -21
31 100
31 -21
31 -22
31 -21
31 -21
31 -21
31 96
31 -21
31 -21
31 -21
31 -21
31 -21
31 -22
31 233
31 -22
31 100
31 -21
31 -23
31 -21
31 -22
31 77
31 -23
31 -21
31 -22
31 -13
32 -21
32 -21
32 -21
32 -21
32 -21
32 -21
32 84
32 -10
32 104
32 -21
32 105
32 -22
32 -10
32 324
32 -22
32 92
32 12
32 -21
32 -21
32 -21
32 7
32 -5
32 67
32 -21
32 7
32 -21
32 -21
32 93
32 -21
32 -21
32 -23
32 109
32 -22
32 105
32 -21
32 -21
32 -21
32 210
32 -21
32 116
32 -21
32 -22
32 -22
32 110
32 71
32 -21
32 -21
32 -20
32 -18
32 226
33 -21
33 -21
33 -21
33 -21
33 123
33 671
33 -21
33 -21
33 -21
33 -21
33 -22
33 -22
33 -21
33 -21
33 -21
33 -15
33 110
33 -21
33 -21
33 -21
33 -21
33 -13
33 113
33 114
33 5
33 -22
33 71
33 -21
33 -21
33 -21
33 -21
33 80
33 87
33 15
33 -21
33 15
33 -21
33 107
33 -21
33 90
33 -22
33 93
33 82
33 97
33 0
33 -21
33 -21
33 -21
33 -22
33 -21
34 210
34 -21
34 -21
34 -20
34 564
34 -21
34 723
34 -22
34 -21
34 -21
34 345
34 -21
34 106
34 10
34 -21
34 -21
34 -21
34 -10
34 -21
34 -22
34 -21
34 202
34 -21
34 -21
34 -22
34 111
34 -23
34 -22
34 612
34 -21
34 82
34 10
34 -21
34 -21
34 -21
34 -5
34 -22
34 -21
34 -21
34 -21
34 -21
34 80
34 -5
34 -21
34 85
34 -21
34 -21
34 -21
34 -21
34 -21
35 -21
35 112
35 524
35 -22
35 -21
35 95
35 -21
35 106
35 -22
35 -21
35 -22
35 -21
35 -22
35 -22
35 123
35 -10
35 700
35 -21
35 -21
35 -23
35 375
35 -21
35 -21
35 -21
35 126
35 -21
35 907
35 -22
35 -21
35 -22
35 -21
35 -22
35 102
35 813
35 -22
35 -10
35 -21
35 -21
35 626
35 -21
35 -21
35 -21
35 -21
35 -21
35 -21
35 -22
35 225
35 -21
35 370
35 1457
36 -21
36 42
36 -22
36 -21
36 240
36 116
36 457
36 -21
36 101
36 -21
36 -21
36 1132
36 -18
36 -21
36 -22
36 350
36 -21
36 -22
36 -21
36 -22
36 112
36 112
36 54
36 -21
36 867
36 -21
36 -21
36 -22
36 -21
36 -21
36 128
36 -21
36 -21
36 -21
36 -21
36 596
36 -21
36 -22
36 200
36 -23
36 -23
36 120
36 -21
36 -21
36 -21
36 -22
36 -21
36 -21
36 -22
36 122
37 213
37 -22
37 -21
37 492
37 -22
37 831
37 -21
37 -22
37 367
37 107
37 -22
37 -22
37 -21
37 -10
37 113
37 610
37 -10
37 -21
37 -21
37 -21
37 79
37 221
37 352
37 -21
37 411
37 -22
37 1095
37 -21
37 -21
37 118
37 111
37 -22
37 115
37 -21
37 199
37 -21
37 114
37 -22
37 -22
37 -22
37 -22
37 -21
37 97
37 -21
37 -21
37 -5
37 -21
37 -22
37 -21
37 415
38 -21
38 208
38 -21
38 90
38 -22
38 -21
38 -21
38 -23
38 -21
38 -21
38 -22
38 356
38 -21
38 -21
38 -21
38 -22
38 15
38 492
38 -21
38 -21
38 -21
38 -21
38 -21
38 764
38 -21
38 -21
38 -21
38 -22
38 -22
38 -22
38 330
38 -21
38 756
38 -21
38 147
38 -23
38 -21
38 -21
38 -21
38 -21
38 83
38 732
38 5
38 -21
38 -21
38 -21
38 -22
38 -21
38 -21
38 -21
39 584
39 319
39 -21
39 -21
39 -22
39 226
39 -22
39 108
39 -23
39 -23
39 -21
39 243
39 -21
39 99
39 -22
39 -21
39 434
39 44
39 -21
39 -22
39 -21
39 -21
39 236
39 -22
39 86
39 -21
39 -22
39 -21
39 -21
39 -21
39 -21
39 15
39 547
39 5
39 -23
39 -21
39 -21
39 815
39 -21
39 -21
39 -22
39 -21
39 -21
39 -21
39 -21
39 112
39 -21
39 -22
39 112
39 222
40 -21
40 -22
40 -21
40 -22
40 -22
40 -21
40 -22
40 325
40 -21
40 -21
40 759
40 454
40 477
40 -21
40 119
40 850
40 -21
40 -21
40 -21
40 -21
40 -21
40 -21
40 73
40 -21
40 1108
40 -21
40 -21
40 706
40 -21
40 -21
40 -22
40 206
40 942
40 -21
40 -21
40 -21
40 -22
40 -21
40 -5
40 10
40 -23
40 -21
40 903
40 -22
40 -21
40 -21
40 -22
40 -22
40 -22
40 314
41 975
41 -21
41 -21
41 -21
41 986
41 -21
41 -23
41 451
41 946
41 -21
41 -21
41 -21
41 -22
41 -22
41 -22
41 279
41 409
41 -21
41 -21
41 -22
41 -21
41 -22
41 -21
41 -21
41 -21
41 53
41 -21
41 -21
41 208
41 -21
41 205
41 251
41 2257
41 -21
41 -21
41 -21
41 -21
41 5
41 1724
41 -21
41 -10
41 -22
41 -22
41 -21
41 -21
41 102
41 -21
41 -21
41 -22
41 960
42 -21
42 -21
42 15
42 912
42 -21
42 -21
42 -23
42 -22
42 -22
42 -21
42 -22
42 -22
42 1705
42 -21
42 598
42 -21
42 -22
42 -22
42 1098
42 241
42 -21
42 214
42 -21
42 223
42 101
42 -21
42 -21
42 17
42 -21
42 -21
42 416
42 -23
42 291
42 -21
42 -21
42 787
42 123
42 -21
42 90
42 -21
42 -21
42 81
42 180
42 989
42 -21
42 -9
42 -21
42 -21
42 110
42 98
43 1035
43 -21
43 -21
43 -22
43 -21
43 -21
43 -22
43 -22
43 -21
43 -22
43 -21
43 453
43 -21
43 -22
43 -22
43 -21
43 -21
43 -21
43 -21
43 -21
43 -21
43 -21
43 -21
43 93
43 -21
43 -21
43 -21
43 359
43 -21
43 -21
43 637
43 820
43 -22
43 -21
43 -21
43 1593
43 10
43 15
43 -21
43 -20
43 -21
43 -21
43 -21
43 346
43 -21
43 510
43 -21
43 -21
43 -21
43 -22
44 113
44 -22
44 -21
44 -21
44 676
44 -21
44 -22
44 -21
44 100
44 -21
44 704
44 -22
44 -20
44 114
44 -22
44 5
44 -21
44 103
44 -22
44 -21
44 115
44 -21
44 -21
44 -21
44 -21
44 -21
44 341
44 211
44 462
44 291
44 -21
44 -22
44 -22
44 15
44 75
44 -21
44 -21
44 407
44 -21
44 -21
44 -21
44 -22
44 343
44 -23
44 1039
44 -21
44 -22
44 -21
44 -21
44 -21
45 -21
45 -21
45 449
45 -21
45 1735
45 804
45 1196
45 -21
45 -21
45 -22
45 -22
45 -10
45 -21
45 -21
45 -22
45 -21
45 350
45 -21
45 -21
45 -21
45 851
45 -22
45 128
45 -22
45 0
45 -22
45 -21
45 -20
45 288
45 -21
45 -21
45 -22
45 -10
45 7
45 -22
45 -22
45 -21
45 1264
45 -21
45 -22
45 -21
45 -21
45 -21
45 -21
45 -21
45 1592
45 -21
45 877
45 -21
45 96
46 -21
46 -22
46 -21
46 102
46 -21
46 -22
46 810
46 -21
46 -21
46 -23
46 -21
46 -21
46 -21
46 -22
46 -22
46 -10
46 -21
46 -21
46 1024
46 790
46 -21
46 -23
46 -21
46 -22
46 -21
46 -21
46 -22
46 1023
46 -23
46 -21
46 -21
46 -21
46 -21
46 -22
46 -22
46 -22
46 1110
46 -21
46 -21
46 -21
46 -21
46 566
46 -21
46 -22
46 96
46 -21
46 -21
46 -21
46 -23
46 -21
47 -21
47 1262
47 624
47 128
47 103
47 -21
47 -21
47 -21
47 -21
47 -22
47 -22
47 101
47 -23
47 926
47 203
47 -21
47 -21
47 -21
47 -5
47 383
47 -22
47 328
47 -21
47 -21
47 -21
47 -21
47 -21
47 121
47 -21
47 1300
47 100
47 -22
47 -21
47 -21
47 108
47 -21
47 -23
47 -21
47 -21
47 -21
47 126
47 -21
47 468
47 -21
47 -21
47 -21
47 -21
47 -21
47 -21
47 -21
48 -21
48 -21
48 115
48 -21
48 474
48 15
48 -21
48 252
48 -22
48 281
48 -21
48 -15
48 -22
48 854
48 601
48 -21
48 -23
48 -22
48 -21
48 -21
48 -21
48 -22
48 -22
48 -21
48 -23
48 -21
48 -21
48 97
48 -22
48 -22
48 -10
48 765
48 -21
48 794
48 -22
48 -21
48 460
48 -21
48 -21
48 -21
48 -21
48 -21
48 -21
48 -21
48 118
48 134
48 15
48 -21
48 -21
48 709
49 -21
49 -21
49 -21
49 -21
49 -21
49 100
49 -21
49 -21
49 -22
49 -21
49 -21
49 -22
49 98
49 -21
49 -21
49 -22
49 492
49 1194
49 -21
49 824
49 -21
49 -21
49 357
49 -21
49 -21
49 763
49 -22
49 -21
49 -21
49 -21
49 -22
49 -20
49 0
49 -22
49 -22
49 -21
49 100
49 -22
49 -21
49 330
49 -21
49 5
49 102
49 584
49 -21
49 -21
49 -21
49 -21
49 -21
49 -21
50 -21
50 15
50 254
50 -21
50 -21
50 -22
50 -21
50 -21
50 -21
50 -21
50 -21
50 -21
50 298
50 1021
50 -21
50 548
50 -21
50 -21
50 -23
50 99
50 74
50 945
50 -21
50 -21
50 237
50 32
50 -22
50 -22
50 -21
50 -21
50 -22
50 -21
50 579
50 1602
50 931
50 -22
50 457
50 462
50 -21
50 261
50 461
50 -21
50 575
50 -21
50 266
50 703
50 102
50 -22
50 -21
50 -22
51 -21
51 904
51 15
51 -22
51 -21
51 -21
51 97
51 492
51 -21
51 -21
51 -21
51 -22
51 -23
51 120
51 -21
51 191
51 -21
51 -22
51 -21
51 -21
51 -21
51 1123
51 -21
51 -21
51 -21
51 999
51 457
51 105
51 -21
51 -23
51 90
51 664
51 -21
51 -10
51 -21
51 -22
51 -21
51 95
51 -21
51 -21
51 -21
51 -15
51 -21
51 -21
51 355
51 -21
51 10
51 229
51 -21
51 -22
52 -21
52 -21
52 -21
52 61
52 -22
52 101
52 0
52 -21
52 -22
52 -21
52 -21
52 -21
52 58
52 -21
52 456
52 -23
52 -22
52 -21
52 -21
52 -21
52 -21
52 110
52 70
52 -21
52 -22
52 -15
52 -22
52 -22
52 -21
52 -21
52 -21
52 1281
52 -21
52 -18
52 -21
52 -21
52 -21
52 594
52 -21
52 -21
52 -21
52 99
52 -21
52 -21
52 -21
52 546
52 -21
52 -21
52 -21
52 246
53 460
53 -21
53 -22
53 -22
53 -22
53 -21
53 -21
53 -21
53 1010
53 1004
53 836
53 -22
53 -23
53 -21
53 -21
53 -22
53 -21
53 -10
53 -21
53 -21
53 100
53 -22
53 -21
53 -21
53 -23
53 -21
53 -21
53 318
53 -21
53 -21
53 -21
53 -21
53 -22
53 435
53 -21
53 -21
53 -22
53 -22
53 110
53 -21
53 -21
53 226
53 -21
53 -21
53 -21
53 -21
53 -21
53 -21
53 -21
53 454
54 -21
54 -22
54 -22
54 -22
54 -21
54 -8
54 -21
54 -21
54 80
54 -21
54 -21
54 -21
54 -21
54 15
54 -21
54 -21
54 -21
54 -21
54 -21
54 -21
54 -21
54 -21
54 113
54 -21
54 563
54 188
54 -22
54 -22
54 -22
54 -21
54 -21
54 -21
54 -21
54 -21
54 -21
54 -22
54 922
54 -21
54 96
54 -21
54 -21
54 -5
54 -23
54 -21
54 2233
54 -21
54 -20
54 -21
54 -21
54 -21
55 120
55 -21
55 -22
55 -22
55 15
55 -21
55 812
55 -21
55 212
55 -21
55 15
55 201
55 -21
55 686
55 -21
55 -22
55 -21
55 418
55 -21
55 508
55 -21
55 -21
55 -21
55 -21
55 -21
55 -21
55 -21
55 -22
55 -21
55 -21
55 1093
55 118
55 -21
55 -22
55 -22
55 -21
55 -21
55 -22
55 -21
55 -23
55 -21
55 -21
55 -21
55 -21
55 -21
55 -21
55 -22
55 -21
55 114
55 -5
56 -21
56 -21
56 878
56 -23
56 1451
56 -21
56 666
56 -21
56 -22
56 -22
56 -21
56 -21
56 -21
56 95
56 -21
56 -21
56 144
56 -22
56 -21
56 -21
56 -21
56 -21
56 738
56 -21
56 -21
56 -21
56 -22
56 -15
56 -23
56 116
56 115
56 -21
56 -21
56 -5
56 304
56 229
56 -22
56 -21
56 -22
56 -21
56 -21
56 -21
56 -21
56 -21
56 88
56 -22
56 -21
56 -21
56 -21
56 -21
57 -21
57 15
57 1267
57 -21
57 -22
57 -21
57 -21
57 -22
57 -21
57 2136
57 10
57 -21
57 -21
57 -21
57 -21
57 -21
57 -21
57 -22
57 128
57 -21
57 -22
57 -21
57 -21
57 441
57 -21
57 -22
57 -21
57 10
57 -22
57 -21
57 -23
57 -20
57 -21
57 -21
57 -22
57 -21
57 15
57 -21
57 -15
57 437
57 -21
57 -21
57 211
57 10
57 -21
57 77
57 -22
57 -21
57 -22
57 -21
58 996
58 -21
58 -21
58 -22
58 -22
58 -21
58 -21
58 15
58 106
58 -21
58 -22
58 -21
58 10
58 -21
58 580
58 -21
58 -21
58 -21
58 -21
58 -21
58 -21
58 658
58 -21
58 1127
58 -22
58 -22
58 -22
58 -23
58 -21
58 -22
58 138
58 -21
58 -21
58 -22
58 -21
58 -21
58 -21
58 105
58 -21
58 110
58 -21
58 -21
58 15
58 -22
58 -22
58 -22
58 -21
58 -21
58 -21
58 -21
59 -21
59 75
59 -21
59 126
59 -21
59 652
59 -21
59 -21
59 -21
59 -21
59 -21
59 95
59 228
59 -21
59 -21
59 -21
59 523
59 -21
59 348
59 -21
59 -21
59 -21
59 92
59 101
59 -21
59 -21
59 -21
59 -21
59 150
59 -22
59 -21
59 -22
59 332
59 -21
59 -21
59 -21
59 -21
59 -21
59 -21
59 -21
59 95
59 97
59 -20
59 126
59 -22
59 -21
59 89
59 -21
59 -21
59 -21
60 1071
60 -21
60 1815
60 -21
60 -21
60 -21
60 -21
60 -21
60 -21
60 -21
60 -22
60 -21
60 -23
60 -21
60 -21
60 -21
60 15
60 -21
60 -21
60 -22
60 -21
60 -21
60 -23
60 -21
60 -22
60 888
60 858
60 -21
60 -22
60 -21
60 -22
60 -21
60 -22
60 -21
60 201
60 -21
60 -21
60 -21
60 124
60 -21
60 932
60 223
60 -21
60 215
60 -23
60 105
60 -23
60 340
60 -21
60 130
61 -21
61 -21
61 243
61 -21
61 0
61 -21
61 -21
61 -21
61 -21
61 -21
61 97
61 -21
61 -21
61 -21
61 -22
61 -22
61 -21
61 5
61 147
61 -22
61 -21
61 -21
61 -22
61 -22
61 -5
61 -22
61 -21
61 15
61 -21
61 -21
61 -22
61 -21
61 -22
61 -21
61 -21
61 223
61 -21
61 -21
61 -22
61 -21
61 -21
61 -21
61 52
61 -21
61 -21
61 -22
61 -21
61 -21
61 -21
61 -21
62 -21
62 -21
62 -21
62 -21
62 -21
62 -21
62 -21
62 -23
62 -21
62 -21
62 -22
62 -21
62 -21
62 -21
62 -21
62 129
62 -22
62 -21
62 -21
62 205
62 109
62 798
62 -21
62 -21
62 -23
62 -21
62 -21
62 114
62 -4
62 -22
62 -23
62 299
62 10
62 -21
62 1036
62 -21
62 -22
62 -21
62 -21
62 99
62 -21
62 77
62 -22
62 -21
62 580
62 -21
62 -21
62 -21
62 -21
62 -21
63 34
63 -21
63 -23
63 -21
63 -21
63 -22
63 -21
63 -21
63 -21
63 107
63 -21
63 -21
63 -21
63 38
63 -21
63 -21
63 -21
63 -21
63 -22
63 -21
63 -21
63 -21
63 -21
63 1101
63 -5
63 -21
63 -21
63 -21
63 -21
63 -21
63 -21
63 -22
63 122
63 -21
63 -21
63 600
63 -23
63 -21
63 -22
63 0
63 -21
63 -21
63 82
63 -22
63 -22
63 -21
63 -21
63 349
63 348
63 -21
64 307
64 -21
64 -21
64 -21
64 1570
64 -21
64 337
64 -21
64 -21
64 10
64 -22
64 76
64 -21
64 -21
64 -21
64 106
64 -21
64 -21
64 -21
64 -21
64 -21
64 -21
64 -23
64 -22
64 74
64 612
64 99
64 -21
64 334
64 -21
64 -21
64 -23
64 -21
64 -20
64 1747
64 -21
64 -21
64 -21
64 1169
64 17
64 -21
64 715
64 112
64 -21
64 -21
64 -22
64 -21
64 -5
64 -21
64 303
65 1175
65 724
65 -21
65 -21
65 -21
65 1576
65 -22
65 -21
65 -21
65 -21
65 -22
65 -21
65 -21
65 -21
65 92
65 102
65 -22
65 -23
65 -20
65 -21
65 111
65 -21
65 240
65 -21
65 -22
65 117
65 848
65 -21
65 -21
65 -21
65 10
65 -21
65 -22
65 331
65 -21
65 -21
65 -21
65 -21
65 -21
65 -21
65 -21
65 -21
65 -23
65 -22
65 895
65 4154
65 -21
65 -22
65 -21
65 -21
66 2640
66 -22
66 -21
66 -21
66 191
66 4722
66 -21
66 -21
66 288
66 122
66 -22
66 226
66 -21
66 -21
66 -21
66 5
66 -21
66 -21
66 -22
66 10
66 -21
66 -21
66 -21
66 99
66 -21
66 -21
66 -21
66 181
66 -21
66 1639
66 -21
66 -21
66 -21
66 -21
66 -21
66 -21
66 -22
66 113
66 -21
66 326
66 -21
66 -22
66 609
66 -21
66 207
66 -21
66 -21
66 5
66 -21
66 2614
67 -21
67 -21
67 -21
67 -21
67 -22
67 -23
67 -12
67 -22
67 -21
67 -21
67 -21
67 10
67 -23
67 1180
67 216
67 4127
67 5293
67 -22
67 245
67 -21
67 -21
67 -21
67 -21
67 -23
67 -22
67 -21
67 2224
67 -23
67 3354
67 2477
67 -21
67 238
67 -21
67 -23
67 -5
67 -23
67 -21
67 -22
67 -22
67 3740
67 -21
67 10
67 2681
67 -21
67 -21
67 95
67 65
67 -23
67 -22
67 -21
68 -21
68 -23
68 -21
68 -21
68 -21
68 -22
68 -21
68 -21
68 4417
68 -10
68 737
68 -23
68 -21
68 -21
68 -21
68 -21
68 -22
68 -21
68 -21
68 -22
68 1314
68 -21
68 2309
68 1904
68 -21
68 75
68 3126
68 -21
68 -23
68 -21
68 -21
68 5941
68 197
68 -21
68 100
68 -21
68 -21
68 333
68 3664
68 -22
68 106
68 -21
68 1424
68 -21
68 -21
68 -22
68 -21
68 4061
68 -21
68 2570
69 -21
69 -21
69 113
69 92
69 -21
69 832
69 -21
69 389
69 -21
69 -21
69 -21
69 -21
69 318
69 -5
69 -21
69 -22
69 -21
69 -21
69 193
69 3060
69 -22
69 -21
69 -21
69 -22
69 4059
69 1412
69 -21
69 -21
69 4672
69 -21
69 6154
69 633
69 -21
69 68
69 226
69 -23
69 203
69 2726
69 2655
69 -22
69 3310
69 1822
69 -21
69 3216
69 -21
69 -21
69 10
69 -21
69 1707
69 1774
70 5174
70 -22
70 2705
70 -21
70 4190
70 160
70 5009
70 -21
70 -22
70 499
70 -21
70 -21
70 12
70 2100
70 -22
70 -22
70 232
70 -21
70 -22
70 53
70 4297
70 -21
70 95
70 -22
70 -21
70 2708
70 1227
70 -21
70 -21
70 -10
70 -22
70 -22
70 -22
70 -23
70 -23
70 173
70 2958
70 -10
70 -21
70 1597
70 -23
70 -21
70 4661
70 -21
70 3701
70 110
70 -23
70 380
70 -21
70 -21
71 -21
71 -21
71 -21
71 -21
71 2366
71 -21
71 -22
71 -22
71 3019
71 306
71 1074
71 -21
71 -22
71 3205
71 -22
71 458
71 -21
71 2319
71 -21
71 -21
71 -21
71 -23
71 93
71 -21
71 98
71 -22
71 -21
71 -21
71 1113
71 -21
71 80
71 2951
71 -22
71 -7
71 -21
71 106
71 -23
71 -21
71 2226
71 5890
71 -21
71 -21
71 -21
71 -22
71 -22
71 -21
71 -21
71 -21
71 2748
71 -21
72 -21
72 -23
72 -22
72 -21
72 -22
72 -23
72 3224
72 -21
72 437
72 -23
72 265
72 -21
72 2529
72 2272
72 -21
72 2817
72 60
72 215
72 -21
72 -10
72 -21
72 -21
72 5344
72 -22
72 103
72 -21
72 -21
72 -21
72 -22
72 -21
72 -21
72 85
72 4385
72 105
72 -22
72 -21
72 -21
72 -21
72 5532
72 -23
72 -21
72 -21
72 -21
72 4907
72 -15
72 230
72 -22
72 105
72 349
72 -21
73 1133
73 1908
73 -21
73 -8
73 4703
73 588
73 -21
73 -21
73 879
73 98
73 -21
73 -21
73 3266
73 -21
73 -22
73 -21
73 -22
73 388
73 244
73 -21
73 -22
73 15
73 2993
73 -22
73 -21
73 1271
73 86
73 -21
73 -21
73 4176
73 -22
73 -21
73 113
73 -21
73 -21
73 -21
73 -23
73 -22
73 25
73 -21
73 -21
73 2638
73 -21
73 103
73 -22
73 -21
73 2583
73 2850
73 2572
73 1024
74 2158
74 -21
74 15
74 2785
74 -21
74 -23
74 2552
74 2813
74 -21
74 0
74 4290
74 697
74 -21
74 -21
74 -21
74 -21
74 -21
74 -21
74 -22
74 -22
74 -21
74 -21
74 111
74 -22
74 4987
74 2223
74 -21
74 -22
74 -21
74 1879
74 628
74 -22
74 -21
74 2440
74 -23
74 -21
74 -22
74 -21
74 -21
74 3648
74 -21
74 -21
74 -21
74 -21
74 2658
74 -21
74 -21
74 3357
74 -21
74 3687
75 4393
75 3468
75 -20
75 -22
75 -21
75 -22
75 -22
75 -21
75 -21
75 1724
75 103
75 304
75 -21
75 -21
75 5746
75 -21
75 -21
75 171
75 3374
75 -22
75 3633
75 99
75 2456
75 -22
75 -21
75 -21
75 -21
75 -21
75 5031
75 2847
75 -21
75 786
75 -22
75 -21
75 -21
75 -21
75 4088
75 -22
75 -22
75 -23
75 -21
75 -21
75 -21
75 4759
75 -5
75 113
75 99
75 -23
75 -21
75 -21
76 5709
76 -21
76 -22
76 -21
76 -21
76 -21
76 -21
76 -10
76 -21
76 -21
76 -21
76 -21
76 -21
76 -22
76 2470
76 -21
76 -21
76 -21
76 2514
76 88
76 -21
76 -21
76 2210
76 -21
76 -21
76 -22
76 1393
76 5601
76 -21
76 -21
76 -22
76 -21
76 -21
76 -21
76 -21
76 95
76 136
76 -21
76 -21
76 -21
76 1720
76 -21
76 -22
76 4686
76 -21
76 -21
76 -22
76 4143
76 -22
76 -21
77 1600
77 3429
77 115
77 -22
77 403
77 -22
77 -21
77 -22
77 -21
77 2694
77 -20
77 -21
77 3818
77 -21
77 -22
77 -23
77 100
77 179
77 -21
77 -21
77 -21
77 -21
77 -21
77 -21
77 -21
77 3391
77 20
77 3593
77 5393
77 -21
77 -22
77 -21
77 965
77 -21
77 -21
77 -21
77 -21
77 -21
77 -22
77 1859
77 315
77 1038
77 2746
77 -23
77 -21
77 5058
77 3419
77 -21
77 -21
77 2910
78 -23
78 -21
78 -22
78 -21
78 -23
78 -23
78 -22
78 2353
78 -21
78 -22
78 111
78 -23
78 -21
78 -22
78 -21
78 -21
78 -21
78 -21
78 -22
78 -21
78 -21
78 -23
78 -23
78 914
78 -21
78 -21
78 -12
78 -22
78 2392
78 -21
78 -21
78 -23
78 -22
78 -21
78 -21
78 1599
78 -21
78 87
78 -23
78 96
78 -22
78 -21
78 2734
78 -21
78 -23
78 4247
78 5
78 -22
78 -21
78 -22
79 4286
79 15
79 -21
79 106
79 96
79 3193
79 -22
79 -22
79 -21
79 2024
79 2769
79 -21
79 -21
79 111
79 214
79 1646
79 -21
79 -21
79 -21
79 -21
79 -21
79 -21
79 2319
79 1163
79 -21
79 -5
79 6975
79 3192
79 93
79 -22
79 -21
79 -22
79 4146
79 -21
79 -21
79 15
79 -22
79 -21
79 21
79 -21
79 -21
79 5271
79 108
79 -21
79 5043
79 -21
79 -21
79 -23
79 -21
79 -21
80 3118
80 93
80 328
80 -21
80 4745
80 -22
80 99
80 -21
80 -21
80 -22
80 2555
80 -21
80 -21
80 -21
80 472
80 -23
80 -21
80 -21
80 541
80 -21
80 212
80 105
80 -21
80 -21
80 -23
80 6387
80 3456
80 -15
80 182
80 -22
80 -21
80 -23
80 -21
80 -22
80 2560
80 2224
80 15
80 -23
80 -21
80 -21
80 2145
80 -21
80 -21
80 -22
80 5018
80 1761
80 -21
80 -21
80 -23
80 -22
81 1658
81 -21
81 2966
81 3345
81 15
81 -21
81 -21
81 -21
81 2171
81 -22
81 69
81 0
81 6013
81 1683
81 -21
81 -23
81 -21
81 15
81 -21
81 -21
81 -21
81 431
81 -21
81 -21
81 -21
81 -23
81 -21
81 -21
81 -21
81 0
81 188
81 -21
81 -21
81 -21
81 -21
81 -21
81 -22
81 -21
81 576
81 -21
81 -22
81 2395
81 50
81 704
81 -22
81 -21
81 -22
81 -22
81 6722
81 -21
82 1730
82 111
82 -22
82 -21
82 -21
82 583
82 -22
82 -21
82 2680
82 104
82 -21
82 -21
82 -22
82 -22
82 -20
82 134
82 -21
82 199
82 -22
82 -23
82 -21
82 -21
82 15
82 -22
82 5047
82 -21
82 -22
82 -21
82 3773
82 271
82 -21
82 -21
82 3061
82 -21
82 -21
82 356
82 -21
82 5819
82 -23
82 -21
82 -21
82 2397
82 -21
82 -22
82 -21
82 -21
82 93
82 -23
82 5
82 -21
83 2714
83 -21
83 1081
83 -21
83 2291
83 -21
83 468
83 -21
83 -21
83 -21
83 -23
83 -21
83 -22
83 -21
83 -21
83 -21
83 -21
83 -21
83 -22
83 3430
83 3116
83 -21
83 -23
83 -21
83 -21
83 4454
83 -21
83 -21
83 -21
83 10
83 3572
83 -10
83 -21
83 -21
83 331
83 -21
83 -21
83 -21
83 966
83 3936
83 -21
83 2568
83 207
83 -21
83 -22
83 118
83 -21
83 -21
83 3533
83 -23
84 2050
84 -23
84 -21
84 -21
84 -21
84 -21
84 2968
84 -22
84 -21
84 701
84 5535
84 -22
84 2107
84 -21
84 -23
84 -21
84 -21
84 -23
84 -21
84 3861
84 5
84 -21
84 -21
84 -21
84 -21
84 4658
84 1413
84 -22
84 -22
84 -22
84 -21
84 218
84 -21
84 -21
84 -21
84 3061
84 -21
84 3932
84 -21
84 -21
84 -10
84 1500
84 -21
84 -23
84 -21
84 -21
84 -21
84 -23
84 -21
84 -21
85 2415
85 3525
85 653
85 -21
85 -21
85 -23
85 343
85 5235
85 -21
85 -21
85 -21
85 -23
85 -23
85 4626
85 5805
85 80
85 -21
85 -21
85 1984
85 -22
85 -21
85 108
85 -21
85 -22
85 193
85 -21
85 -22
85 -23
85 110
85 4197
85 -21
85 -21
85 -21
85 -21
85 371
85 4869
85 -21
85 -22
85 -22
85 -21
85 5
85 -21
85 2298
85 -21
85 -21
85 -21
85 -21
85 7097
85 -21
85 189
86 5972
86 51
86 -21
86 518
86 2340
86 -22
86 91
86 99
86 -22
86 3082
86 -23
86 -21
86 -21
86 -21
86 1248
86 109
86 -21
86 -21
86 4124
86 919
86 -21
86 -23
86 -21
86 1421
86 -23
86 -23
86 556
86 -23
86 -21
86 -22
86 -22
86 5177
86 -22
86 69
86 -21
86 884
86 4518
86 -21
86 2557
86 -21
86 5454
86 -22
86 -22
86 -21
86 -21
86 -21
86 -23
86 -23
86 2702
86 -21
87 -21
87 2907
87 124
87 -21
87 -21
87 87
87 -21
87 517
87 5547
87 5312
87 -21
87 967
87 -22
87 6290
87 -21
87 -21
87 -21
87 4525
87 -23
87 -21
87 345
87 2683
87 -21
87 -5
87 236
87 4135
87 -21
87 -21
87 -23
87 74
87 207
87 -22
87 -21
87 -21
87 -21
87 3359
87 -21
87 -22
87 -21
87 -10
87 -21
87 -22
87 6626
87 -21
87 -21
87 -21
87 -23
87 1356
87 -21
87 -21
88 4312
88 4194
88 -23
88 -21
88 5718
88 -21
88 -21
88 -21
88 -22
88 -21
88 -21
88 -21
88 -21
88 -22
88 -21
88 84
88 -21
88 33
88 -22
88 -21
88 3512
88 900
88 -21
88 5412
88 10
88 -22
88 -21
88 -23
88 -21
88 -21
88 -23
88 1015
88 -21
88 -21
88 3849
88 -21
88 -21
88 -21
88 -23
88 -22
88 -21
88 -21
88 -21
88 -21
88 7621
88 -21
88 -21
88 -21
88 -21
88 -21
89 -22
89 2411
89 -21
89 2002
89 2567
89 -21
89 -21
89 -23
89 -21
89 -21
89 4442
89 -21
89 -21
89 101
89 1257
89 -21
89 -23
89 -21
89 453
89 537
89 3931
89 -22
89 107
89 -22
89 -15
89 292
89 -21
89 -21
89 -21
89 4045
89 -23
89 191
89 -21
89 -22
89 -21
89 -21
89 -21
89 -21
89 6759
89 3463
89 -10
89 -21
89 -21
89 4516
89 -15
89 -21
89 -21
89 -21
89 -21
89 4925
90 -21
90 -21
90 -23
90 0
90 -21
90 -22
90 -21
90 -21
90 -21
90 -21
90 803
90 -21
90 865
90 -23
90 -23
90 -21
90 213
90 -21
90 -21
90 2016
90 4317
90 -21
90 -21
90 -22
90 -21
90 -21
90 4586
90 -22
90 108
90 -21
90 -23
90 -21
90 -23
90 -21
90 1332
90 5064
90 2396
90 -21
90 -21
90 -22
90 -21
90 1754
90 -22
90 105
90 -21
90 -22
90 3232
90 -23
90 3974
90 1906
91 -23
91 -21
91 -21
91 -23
91 108
91 809
91 -23
91 -21
91 2335
91 4229
91 3953
91 -22
91 -21
91 5006
91 -23
91 -21
91 2004
91 6299
91 184
91 1439
91 -21
91 -21
91 -21
91 -21
91 4913
91 -23
91 -21
91 -22
91 3936
91 -21
91 -21
91 -21
91 5213
91 -23
91 -21
91 2593
91 -22
91 58
91 -21
91 -21
91 -21
91 -21
91 -21
91 230
91 116
91 3401
91 -21
91 -21
91 -23
91 101
92 -21
92 -21
92 -21
92 -21
92 550
92 6873
92 -21
92 -21
92 -21
92 -21
92 92
92 -21
92 251
92 -21
92 -22
92 -21
92 -21
92 88
92 -21
92 2431
92 556
92 2701
92 -21
92 -21
92 -21
92 -21
92 -22
92 2462
92 102
92 -21
92 -21
92 -23
92 3254
92 103
92 -20
92 -23
92 -23
92 -21
92 -22
92 -22
92 -21
92 -21
92 -23
92 175
92 -23
92 -21
92 -23
92 0
92 8077
92 -21
93 -21
93 -21
93 -22
93 -21
93 -21
93 -21
93 -21
93 -21
93 -21
93 -22
93 -21
93 -23
93 -21
93 -22
93 -21
93 -22
93 -21
93 110
93 7369
93 -22
93 -21
93 73
93 -21
93 -22
93 3244
93 -23
93 -21
93 -21
93 -21
93 -13
93 -21
93 -21
93 -21
93 -21
93 183
93 -22
93 -21
93 -21
93 4078
93 -21
93 -22
93 4425
93 506
93 -21
93 -21
93 1070
93 -23
93 -21
93 1718
93 3213
94 -21
94 -22
94 -21
94 654
94 -21
94 -21
94 -23
94 -21
94 124
94 -21
94 -22
94 -21
94 -21
94 112
94 -21
94 -23
94 -21
94 -21
94 -23
94 -21
94 79
94 93
94 -21
94 2390
94 -21
94 -21
94 -23
94 70
94 -21
94 891
94 -21
94 172
94 -21
94 -22
94 -22
94 781
94 1043
94 -21
94 -21
94 -21
94 -21
94 -21
94 -22
94 -23
94 -21
94 -21
94 -21
94 -21
94 -23
94 -21
95 -21
95 -23
95 -21
95 -22
95 -23
95 -21
95 0
95 110
95 -21
95 191
95 -23
95 -23
95 -22
95 1099
95 -21
95 -21
95 -23
95 -21
95 -21
95 135
95 -22
95 -21
95 -21
95 3973
95 -23
95 -21
95 -21
95 -22
95 -21
95 -21
95 -22
95 -23
95 4902
95 -21
95 -21
95 68
95 -23
95 2983
95 -21
95 4772
95 -21
95 -21
95 -23
95 -21
95 -23
95 -21
95 -22
95 100
95 -21
95 -21
96 2635
96 -22
96 2770
96 -22
96 -21
96 -22
96 -23
96 -23
96 -21
96 -22
96 -22
96 -21
96 -21
96 -22
96 3669
96 -21
96 192
96 -22
96 -23
96 -5
96 -21
96 -20
96 -20
96 -21
96 3361
96 -21
96 -21
96 118
96 114
96 -21
96 2485
96 -21
96 -21
96 -21
96 -21
96 -21
96 -21
96 65
96 -21
96 -21
96 -21
96 5761
96 82
96 95
96 -21
96 -21
96 -21
96 -23
96 1449
96 435
97 1810
97 4141
97 124
97 -21
97 1940
97 -21
97 3541
97 -21
97 -21
97 -21
97 -21
97 2584
97 1607
97 4183
97 3009
97 171
97 -23
97 -23
97 5
97 -21
97 -21
97 52
97 -21
97 3874
97 -22
97 -22
97 -21
97 3750
97 1931
97 86
97 -21
97 -21
97 4026
97 498
97 895
97 -21
97 -21
97 206
97 -21
97 -21
97 124
97 -21
97 251
97 6244
97 -21
97 -22
97 -21
97 -21
97 -23
97 -23
98 -21
98 7146
98 -23
98 -21
98 -21
98 -21
98 986
98 -21
98 -21
98 3199
98 -21
98 -21
98 1060
98 108
98 -21
98 -21
98 -21
98 597
98 5593
98 -22
98 -21
98 1009
98 -22
98 812
98 -21
98 -23
98 106
98 -23
98 -21
98 -23
98 -21
98 -21
98 -10
98 -21
98 -21
98 -21
98 -21
98 -21
98 -22
98 -21
98 -21
98 1247
98 3839
98 -21
98 -21
98 -22
98 -22
98 -21
98 3284
98 -23
99 3681
99 95
99 -22
99 -21
99 -22
99 -21
99 1207
99 -22
99 -5
99 -21
99 2790
99 -23
99 -21
99 -21
99 -22
99 108
99 -21
99 5854
99 -22
99 -21
99 -21
99 -21
99 -21
99 96
99 -21
99 -21
99 -21
99 1017
99 -21
99 2762
99 1435
99 -21
99 -21
99 3078
99 -22
99 -23
99 780
99 -21
99 389
99 3573
99 3135
99 -22
99 -21
99 5677
99 -21
99 -22
99 5199
99 -22
99 -22
99 -22
100 -21
100 -21
100 -21
100 -22
100 -21
100 -22
100 -21
100 -21
100 -21
100 -22
100 -21
100 -21
100 -21
100 686
100 -20
100 -21
100 844
100 -22
100 -21
100 4582
100 -22
100 -12
100 -21
100 103
100 -23
100 -21
100 -21
100 2402
100 109
100 -21
100 -21
100 5500
100 -21
100 -21
100 -21
100 690
100 2221
100 2636
100 -21
100 100
100 -21
100 -21
100 -22
100 676
100 -21
100 95
100 -22
100 1998
100 3622
100 -21
