1 0
1 0
1 0
1 0
1 0
1 0
1 0
1 0
1 0
1 0
1 0
1 0
1 0
1 0
1 0
1 0
1 0
1 0
1 0
1 0
1 0
1 0
1 0
1 1
1 0
1 0
1 0
1 0
1 0
1 0
1 0
1 0
1 0
1 0
1 0
1 0
1 0
1 0
1 0
1 0
1 0
1 0
1 0
1 0
1 0
1 0
1 0
1 0
1 0
1 0
2 0
2 0
2 0
2 0
2 0
2 0
2 0
2 0
2 0
2 0
2 0
2 0
2 1
2 0
2 0
2 0
2 0
2 0
2 0
2 0
2 0
2 0
2 0
2 0
2 0
2 0
2 0
2 0
2 0
2 0
2 0
2 0
2 0
2 0
2 1
2 0
2 0
2 0
2 0
2 0
2 0
2 0
2 0
2 0
2 0
2 0
2 0
2 0
2 0
2 0
3 0
3 0
3 0
3 0
3 0
3 0
3 0
3 0
3 0
3 0
3 0
3 0
3 0
3 0
3 0
3 0
3 0
3 0
3 0
3 0
3 0
3 0
3 1
3 0
3 0
3 1
3 1
3 0
3 0
3 0
3 0
3 0
3 0
3 0
3 0
3 0
3 0
3 0
3 0
3 0
3 0
3 0
3 0
3 2
3 0
3 0
3 0
3 0
3 0
3 0
4 0
4 1
4 0
4 0
4 0
4 0
4 0
4 0
4 1
4 0
4 0
4 0
4 0
4 0
4 0
4 0
4 0
4 0
4 0
4 0
4 0
4 0
4 1
4 1
4 0
4 0
4 0
4 3
4 1
4 0
4 1
4 0
4 0
4 0
4 1
4 0
4 0
4 0
4 0
4 0
4 0
4 0
4 0
4 0
4 0
4 0
4 0
4 0
4 0
4 0
5 0
5 0
5 0
5 0
5 0
5 0
5 0
5 0
5 0
5 0
5 1
5 0
5 0
5 0
5 1
5 0
5 1
5 2
5 0
5 0
5 0
5 0
5 0
5 0
5 0
5 0
5 0
5 0
5 1
5 0
5 0
5 0
5 0
5 1
5 9
5 0
5 0
5 0
5 0
5 0
5 0
5 3
5 1
5 0
5 1
5 1
5 3
5 0
5 0
5 0
6 1
6 7
6 0
6 0
6 0
6 1
6 9
6 0
6 11
6 0
6 0
6 0
6 0
6 0
6 0
6 0
6 5
6 1
6 1
6 0
6 0
6 0
6 0
6 0
6 5
6 0
6 0
6 0
6 0
6 3
6 2
6 0
6 1
6 0
6 0
6 0
6 0
6 0
6 0
6 0
6 0
6 0
6 1
6 0
6 0
6 2
6 0
6 0
6 3
6 0
7 0
7 0
7 0
7 0
7 0
7 0
7 0
7 4
7 0
7 0
7 0
7 1
7 1
7 1
7 4
7 8
7 0
7 0
7 0
7 0
7 3
7 8
7 4
7 6
7 0
7 0
7 11
7 0
7 0
7 0
7 2
7 0
7 1
7 7
7 0
7 0
7 0
7 6
7 0
7 0
7 0
7 0
7 0
7 0
7 0
7 0
7 13
7 0
7 0
7 0
8 0
8 0
8 1
8 2
8 6
8 0
8 0
8 7
8 0
8 0
8 2
8 0
8 0
8 0
8 0
8 0
8 0
8 0
8 1
8 0
8 0
8 0
8 0
8 6
8 1
8 7
8 0
8 0
8 0
8 0
8 9
8 7
8 0
8 0
8 0
8 0
8 0
8 0
8 2
8 0
8 6
8 1
8 0
8 0
8 0
8 3
8 0
8 0
8 1
8 0
9 2
9 2
9 0
9 0
9 0
9 1
9 7
9 0
9 0
9 0
9 9
9 2
9 0
9 0
9 0
9 0
9 0
9 1
9 0
9 2
9 0
9 0
9 1
9 0
9 7
9 0
9 0
9 0
9 0
9 0
9 0
9 3
9 0
9 0
9 0
9 0
9 0
9 5
9 0
9 0
9 0
9 0
9 0
9 0
9 0
9 0
9 0
9 0
9 0
9 5
10 4
10 4
10 0
10 0
10 0
10 1
10 0
10 0
10 0
10 0
10 0
10 0
10 0
10 0
10 0
10 1
10 0
10 0
10 6
10 0
10 1
10 0
10 0
10 0
10 0
10 0
10 0
10 0
10 0
10 4
10 1
10 4
10 0
10 0
10 0
10 0
10 0
10 0
10 0
10 0
10 0
10 0
10 5
10 0
10 10
10 0
10 5
10 0
10 0
10 0
11 0
11 4
11 0
11 1
11 0
11 0
11 1
11 7
11 0
11 1
11 7
11 0
11 0
11 8
11 0
11 0
11 0
11 2
11 2
11 0
11 4
11 0
11 0
11 0
11 2
11 0
11 3
11 0
11 17
11 0
11 0
11 1
11 0
11 4
11 0
11 0
11 0
11 0
11 2
11 7
11 0
11 0
11 2
11 0
11 10
11 0
11 9
11 0
11 0
11 0
12 5
12 7
12 0
12 4
12 0
12 0
12 0
12 1
12 0
12 0
12 0
12 0
12 0
12 5
12 0
12 0
12 0
12 0
12 0
12 0
12 0
12 1
12 0
12 0
12 0
12 7
12 2
12 1
12 0
12 0
12 0
12 0
12 0
12 5
12 0
12 0
12 0
12 0
12 0
12 0
12 0
12 5
12 3
12 0
12 0
12 0
12 10
12 0
12 0
12 0
13 1
13 0
13 0
13 9
13 9
13 0
13 0
13 0
13 0
13 1
13 4
13 3
13 0
13 9
13 0
13 0
13 0
13 1
13 1
13 0
13 0
13 0
13 0
13 1
13 0
13 0
13 0
13 0
13 1
13 0
13 8
13 0
13 1
13 0
13 0
13 0
13 0
13 0
13 0
13 0
13 0
13 0
13 0
13 0
13 0
13 0
13 0
13 0
13 2
13 0
14 4
14 0
14 0
14 0
14 0
14 9
14 0
14 9
14 2
14 0
14 0
14 0
14 6
14 0
14 7
14 0
14 0
14 0
14 0
14 0
14 1
14 0
14 0
14 0
14 1
14 8
14 0
14 0
14 3
14 0
14 0
14 0
14 0
14 0
14 0
14 0
14 4
14 0
14 1
14 1
14 0
14 0
14 0
14 0
14 6
14 0
14 0
14 2
14 0
14 3
15 1
15 0
15 3
15 0
15 0
15 2
15 0
15 0
15 0
15 0
15 5
15 1
15 4
15 1
15 0
15 1
15 5
15 0
15 0
15 2
15 6
15 0
15 11
15 2
15 0
15 0
15 8
15 0
15 0
15 0
15 0
15 0
15 1
15 0
15 0
15 0
15 0
15 5
15 0
15 0
15 0
15 0
15 11
15 0
15 0
15 0
15 0
15 0
15 0
15 0
16 1
16 5
16 0
16 0
16 0
16 0
16 7
16 0
16 0
16 0
16 2
16 0
16 1
16 0
16 0
16 1
16 2
16 0
16 0
16 0
16 0
16 1
16 1
16 0
16 2
16 4
16 0
16 0
16 0
16 6
16 4
16 1
16 0
16 0
16 0
16 10
16 0
16 3
16 4
16 0
16 1
16 1
16 0
16 1
16 0
16 0
16 1
16 0
16 5
16 0
17 3
17 0
17 0
17 0
17 0
17 0
17 0
17 3
17 0
17 0
17 3
17 2
17 0
17 0
17 0
17 0
17 0
17 0
17 0
17 0
17 0
17 0
17 0
17 1
17 0
17 0
17 0
17 0
17 0
17 0
17 0
17 0
17 0
17 0
17 4
17 0
17 0
17 0
17 0
17 0
17 4
17 4
17 0
17 9
17 0
17 0
17 11
17 3
17 1
17 1
18 6
18 11
18 0
18 4
18 0
18 4
18 0
18 0
18 4
18 0
18 0
18 0
18 0
18 0
18 0
18 0
18 1
18 1
18 3
18 0
18 0
18 0
18 0
18 0
18 0
18 0
18 0
18 0
18 0
18 0
18 0
18 8
18 0
18 0
18 0
18 4
18 7
18 7
18 4
18 0
18 0
18 3
18 0
18 0
18 0
18 0
18 0
18 0
18 0
18 0
19 5
19 6
19 0
19 0
19 2
19 4
19 0
19 4
19 0
19 0
19 0
19 3
19 0
19 0
19 6
19 4
19 0
19 0
19 0
19 3
19 0
19 0
19 0
19 0
19 2
19 0
19 1
19 0
19 1
19 1
19 0
19 1
19 1
19 0
19 1
19 0
19 8
19 1
19 0
19 0
19 0
19 0
19 0
19 0
19 0
19 0
19 0
19 0
19 8
19 0
20 0
20 3
20 0
20 0
20 0
20 0
20 0
20 1
20 0
20 1
20 0
20 0
20 3
20 0
20 0
20 0
20 7
20 0
20 0
20 0
20 0
20 0
20 2
20 8
20 0
20 0
20 3
20 0
20 1
20 0
20 1
20 0
20 0
20 0
20 0
20 0
20 0
20 7
20 0
20 0
20 0
20 0
20 1
20 0
20 0
20 0
20 0
20 0
20 0
20 0
21 0
21 3
21 5
21 0
21 0
21 4
21 1
21 0
21 0
21 0
21 3
21 0
21 0
21 0
21 0
21 5
21 5
21 0
21 0
21 0
21 0
21 5
21 1
21 0
21 0
21 0
21 9
21 0
21 0
21 4
21 0
21 0
21 2
21 0
21 3
21 0
21 4
21 1
21 3
21 0
21 0
21 0
21 0
21 7
21 0
21 0
21 0
21 0
21 0
21 0
22 0
22 0
22 2
22 0
22 0
22 0
22 0
22 0
22 0
22 7
22 6
22 0
22 0
22 0
22 0
22 0
22 0
22 1
22 1
22 0
22 0
22 1
22 0
22 0
22 0
22 4
22 1
22 0
22 1
22 0
22 0
22 0
22 0
22 0
22 5
22 0
22 0
22 0
22 0
22 0
22 0
22 0
22 0
22 0
22 0
22 0
22 11
22 0
22 0
22 0
23 0
23 6
23 0
23 0
23 0
23 0
23 0
23 0
23 0
23 0
23 0
23 2
23 2
23 0
23 0
23 0
23 9
23 0
23 0
23 0
23 9
23 1
23 5
23 0
23 7
23 0
23 0
23 0
23 6
23 0
23 0
23 0
23 0
23 0
23 8
23 0
23 0
23 0
23 0
23 1
23 0
23 0
23 0
23 0
23 0
23 0
23 0
23 0
23 0
23 0
24 0
24 6
24 1
24 0
24 0
24 0
24 12
24 0
24 0
24 5
24 0
24 1
24 0
24 0
24 0
24 0
24 7
24 2
24 0
24 1
24 0
24 0
24 6
24 0
24 0
24 0
24 5
24 0
24 0
24 0
24 8
24 0
24 0
24 0
24 0
24 0
24 4
24 0
24 0
24 1
24 1
24 1
24 0
24 0
24 0
24 0
24 0
24 0
24 0
24 0
25 0
25 0
25 0
25 0
25 1
25 0
25 0
25 1
25 0
25 1
25 2
25 0
25 1
25 6
25 0
25 0
25 0
25 7
25 0
25 0
25 0
25 0
25 0
25 0
25 0
25 1
25 0
25 0
25 0
25 3
25 6
25 0
25 0
25 0
25 0
25 2
25 1
25 0
25 0
25 0
25 0
25 7
25 0
25 0
25 4
25 0
25 0
25 0
25 0
25 4
26 0
26 0
26 0
26 0
26 7
26 0
26 0
26 0
26 0
26 0
26 2
26 0
26 5
26 0
26 7
26 0
26 0
26 0
26 0
26 0
26 0
26 0
26 0
26 1
26 0
26 0
26 5
26 0
26 0
26 0
26 0
26 1
26 0
26 0
26 0
26 0
26 5
26 0
26 0
26 5
26 0
26 0
26 0
26 0
26 0
26 0
26 0
26 1
26 0
26 6
27 3
27 0
27 6
27 0
27 0
27 0
27 0
27 0
27 0
27 2
27 9
27 0
27 0
27 0
27 0
27 0
27 0
27 0
27 0
27 0
27 6
27 0
27 0
27 0
27 0
27 0
27 0
27 8
27 0
27 0
27 8
27 0
27 0
27 0
27 0
27 0
27 7
27 0
27 0
27 0
27 0
27 0
27 0
27 4
27 5
27 0
27 0
27 0
27 2
27 0
28 0
28 1
28 0
28 5
28 12
28 0
28 0
28 0
28 0
28 0
28 0
28 1
28 2
28 8
28 0
28 0
28 7
28 0
28 1
28 0
28 2
28 0
28 5
28 1
28 0
28 0
28 0
28 0
28 0
28 9
28 0
28 6
28 0
28 0
28 0
28 5
28 0
28 0
28 0
28 0
28 0
28 0
28 1
28 5
28 0
28 1
28 0
28 0
28 0
28 7
29 0
29 0
29 6
29 0
29 0
29 0
29 0
29 0
29 7
29 0
29 0
29 0
29 0
29 0
29 0
29 0
29 0
29 3
29 5
29 2
29 0
29 0
29 0
29 7
29 0
29 0
29 2
29 0
29 0
29 0
29 0
29 0
29 0
29 0
29 0
29 0
29 0
29 0
29 3
29 0
29 0
29 0
29 1
29 0
29 0
29 0
29 0
29 0
29 0
29 0
30 1
30 0
30 0
30 0
30 0
30 0
30 0
30 0
30 0
30 5
30 0
30 0
30 10
30 0
30 6
30 2
30 0
30 0
30 0
30 0
30 0
30 0
30 2
30 0
30 0
30 0
30 0
30 0
30 0
30 0
30 2
30 0
30 0
30 6
30 0
30 4
30 5
30 0
30 0
30 0
30 0
30 0
30 0
30 0
30 0
30 7
30 2
30 0
30 0
30 0
31 0
31 4
31 1
31 0
31 4
31 0
31 0
31 2
31 0
31 0
31 0
31 4
31 0
31 0
31 0
31 0
31 0
31 2
31 0
31 0
31 0
31 0
31 0
31 0
31 0
31 3
31 0
31 0
31 0
31 1
31 0
31 0
31 0
31 0
31 0
31 1
31 0
31 0
31 0
31 2
31 0
31 0
31 2
31 0
31 12
31 0
31 0
31 0
31 0
31 0
32 8
32 0
32 0
32 0
32 0
32 0
32 0
32 0
32 0
32 0
32 0
32 0
32 1
32 0
32 0
32 2
32 0
32 4
32 0
32 0
32 0
32 0
32 6
32 0
32 6
32 0
32 0
32 0
32 0
32 0
32 0
32 0
32 0
32 0
32 0
32 0
32 0
32 0
32 0
32 0
32 0
32 0
32 0
32 5
32 0
32 0
32 0
32 6
32 4
32 0
33 0
33 3
33 0
33 0
33 0
33 0
33 0
33 1
33 11
33 0
33 0
33 0
33 0
33 0
33 0
33 0
33 0
33 8
33 0
33 5
33 5
33 0
33 0
33 6
33 0
33 0
33 0
33 0
33 2
33 0
33 0
33 0
33 0
33 0
33 0
33 1
33 0
33 12
33 3
33 0
33 0
33 6
33 0
33 0
33 4
33 0
33 0
33 0
33 0
33 0
34 0
34 0
34 7
34 0
34 0
34 0
34 0
34 0
34 0
34 6
34 0
34 0
34 0
34 5
34 5
34 3
34 1
34 8
34 0
34 0
34 4
34 0
34 1
34 0
34 0
34 0
34 0
34 0
34 0
34 0
34 0
34 0
34 0
34 8
34 0
34 0
34 0
34 6
34 0
34 0
34 3
34 8
34 1
34 0
34 5
34 0
34 0
34 0
34 2
34 0
35 0
35 0
35 0
35 0
35 0
35 0
35 0
35 0
35 0
35 12
35 0
35 1
35 0
35 0
35 0
35 0
35 0
35 0
35 0
35 0
35 0
35 0
35 1
35 0
35 0
35 0
35 10
35 0
35 0
35 0
35 1
35 3
35 0
35 0
35 0
35 0
35 1
35 1
35 0
35 0
35 0
35 0
35 4
35 0
35 0
35 0
35 0
35 0
35 0
35 0
36 3
36 0
36 0
36 10
36 0
36 0
36 0
36 0
36 0
36 0
36 6
36 8
36 0
36 0
36 0
36 0
36 1
36 0
36 0
36 0
36 2
36 0
36 3
36 5
36 0
36 4
36 0
36 0
36 0
36 0
36 0
36 4
36 1
36 0
36 0
36 0
36 2
36 5
36 1
36 0
36 0
36 0
36 11
36 4
36 0
36 0
36 0
36 1
36 0
36 15
37 0
37 5
37 7
37 3
37 6
37 0
37 0
37 0
37 1
37 0
37 0
37 0
37 5
37 0
37 0
37 0
37 0
37 0
37 6
37 0
37 0
37 0
37 0
37 0
37 0
37 0
37 0
37 0
37 0
37 0
37 0
37 0
37 0
37 0
37 0
37 0
37 2
37 0
37 11
37 9
37 11
37 0
37 1
37 0
37 0
37 0
37 0
37 0
37 0
37 0
38 7
38 0
38 0
38 7
38 0
38 0
38 0
38 2
38 0
38 0
38 0
38 5
38 0
38 0
38 2
38 3
38 0
38 0
38 15
38 0
38 0
38 0
38 0
38 0
38 0
38 0
38 0
38 0
38 0
38 0
38 0
38 4
38 2
38 0
38 0
38 3
38 2
38 0
38 0
38 2
38 0
38 0
38 0
38 3
38 0
38 6
38 0
38 10
38 4
38 0
39 0
39 0
39 0
39 4
39 0
39 0
39 0
39 0
39 4
39 2
39 0
39 0
39 0
39 5
39 0
39 0
39 0
39 0
39 0
39 2
39 6
39 1
39 4
39 0
39 0
39 2
39 0
39 0
39 0
39 5
39 0
39 6
39 0
39 0
39 0
39 0
39 0
39 0
39 0
39 0
39 0
39 7
39 0
39 0
39 0
39 5
39 6
39 0
39 0
39 0
40 0
40 0
40 0
40 0
40 0
40 3
40 0
40 0
40 0
40 2
40 0
40 5
40 0
40 0
40 0
40 5
40 13
40 0
40 0
40 0
40 8
40 0
40 2
40 2
40 0
40 1
40 0
40 0
40 0
40 0
40 0
40 0
40 0
40 8
40 0
40 0
40 0
40 0
40 0
40 0
40 0
40 0
40 3
40 0
40 0
40 3
40 0
40 0
40 8
40 0
41 0
41 0
41 0
41 2
41 0
41 0
41 1
41 0
41 1
41 0
41 0
41 0
41 0
41 0
41 0
41 0
41 0
41 0
41 0
41 2
41 0
41 0
41 0
41 0
41 0
41 0
41 0
41 4
41 8
41 0
41 0
41 0
41 10
41 2
41 1
41 0
41 0
41 0
41 0
41 2
41 0
41 0
41 5
41 0
41 6
41 11
41 0
41 0
41 0
41 0
42 0
42 0
42 0
42 7
42 0
42 8
42 0
42 0
42 0
42 1
42 0
42 9
42 0
42 0
42 13
42 12
42 1
42 1
42 0
42 0
42 0
42 0
42 0
42 0
42 0
42 0
42 2
42 0
42 0
42 1
42 0
42 0
42 4
42 0
42 0
42 0
42 0
42 2
42 2
42 0
42 0
42 0
42 7
42 10
42 0
42 7
42 0
42 0
42 0
42 0
43 4
43 1
43 0
43 0
43 0
43 0
43 0
43 0
43 0
43 0
43 9
43 5
43 0
43 0
43 0
43 4
43 12
43 0
43 0
43 1
43 0
43 0
43 0
43 0
43 0
43 0
43 0
43 0
43 0
43 3
43 4
43 2
43 0
43 0
43 0
43 0
43 5
43 0
43 7
43 0
43 7
43 0
43 0
43 0
43 1
43 0
43 1
43 5
43 0
43 0
44 0
44 0
44 0
44 0
44 0
44 0
44 0
44 0
44 0
44 2
44 0
44 0
44 0
44 0
44 0
44 0
44 0
44 0
44 0
44 11
44 0
44 5
44 2
44 0
44 0
44 0
44 3
44 10
44 7
44 0
44 0
44 0
44 4
44 0
44 0
44 0
44 0
44 5
44 8
44 0
44 6
44 3
44 0
44 0
44 0
44 0
44 3
44 5
44 0
44 0
45 0
45 0
45 0
45 0
45 4
45 0
45 0
45 7
45 4
45 1
45 0
45 1
45 0
45 3
45 6
45 0
45 0
45 0
45 0
45 0
45 10
45 0
45 1
45 0
45 4
45 0
45 5
45 0
45 9
45 10
45 0
45 7
45 6
45 0
45 0
45 0
45 0
45 0
45 5
45 0
45 1
45 3
45 0
45 12
45 2
45 0
45 4
45 0
45 0
45 0
46 0
46 0
46 0
46 0
46 5
46 6
46 0
46 5
46 0
46 2
46 0
46 0
46 2
46 0
46 4
46 0
46 0
46 0
46 0
46 0
46 2
46 0
46 11
46 7
46 0
46 0
46 9
46 1
46 0
46 0
46 0
46 0
46 0
46 0
46 5
46 2
46 0
46 6
46 0
46 0
46 0
46 0
46 0
46 2
46 0
46 0
46 1
46 0
46 6
46 9
47 0
47 0
47 0
47 0
47 0
47 3
47 0
47 0
47 1
47 1
47 0
47 1
47 0
47 4
47 0
47 1
47 4
47 1
47 0
47 1
47 0
47 7
47 0
47 0
47 0
47 0
47 0
47 0
47 2
47 0
47 0
47 0
47 1
47 0
47 0
47 4
47 0
47 0
47 1
47 4
47 0
47 0
47 0
47 9
47 0
47 1
47 0
47 0
47 0
47 0
48 3
48 0
48 0
48 4
48 2
48 0
48 0
48 0
48 0
48 0
48 4
48 0
48 6
48 0
48 0
48 0
48 0
48 0
48 2
48 4
48 1
48 0
48 0
48 0
48 0
48 0
48 0
48 0
48 11
48 0
48 2
48 0
48 0
48 0
48 0
48 0
48 0
48 0
48 0
48 0
48 2
48 0
48 0
48 0
48 0
48 0
48 1
48 0
48 3
48 7
49 9
49 0
49 0
49 0
49 0
49 0
49 0
49 0
49 0
49 3
49 0
49 3
49 0
49 2
49 15
49 0
49 0
49 0
49 9
49 0
49 0
49 0
49 0
49 0
49 0
49 6
49 1
49 9
49 0
49 0
49 2
49 0
49 1
49 0
49 0
49 0
49 0
49 3
49 0
49 0
49 3
49 0
49 0
49 0
49 0
49 0
49 0
49 0
49 0
49 0
50 0
50 15
50 0
50 3
50 0
50 1
50 0
50 0
50 0
50 0
50 8
50 3
50 0
50 0
50 0
50 0
50 0
50 2
50 3
50 0
50 0
50 0
50 0
50 0
50 0
50 0
50 0
50 0
50 0
50 2
50 2
50 0
50 0
50 8
50 0
50 1
50 6
50 0
50 0
50 0
50 1
50 0
50 0
50 0
50 0
50 0
50 0
50 0
50 0
50 2
51 12
51 0
51 0
51 0
51 0
51 0
51 0
51 0
51 0
51 0
51 6
51 8
51 0
51 12
51 0
51 0
51 6
51 7
51 0
51 0
51 0
51 6
51 0
51 0
51 0
51 1
51 6
51 0
51 3
51 0
51 7
51 0
51 6
51 0
51 4
51 0
51 2
51 2
51 0
51 0
51 0
51 0
51 0
51 0
51 0
51 0
51 0
51 0
51 2
51 0
52 0
52 1
52 14
52 1
52 0
52 0
52 0
52 9
52 0
52 9
52 0
52 0
52 2
52 0
52 0
52 0
52 0
52 1
52 6
52 0
52 1
52 2
52 0
52 0
52 0
52 4
52 0
52 11
52 0
52 0
52 5
52 3
52 0
52 0
52 4
52 0
52 0
52 0
52 0
52 0
52 0
52 0
52 0
52 2
52 0
52 0
52 0
52 5
52 2
52 0
53 0
53 0
53 9
53 0
53 1
53 2
53 3
53 0
53 0
53 0
53 0
53 0
53 0
53 7
53 1
53 0
53 4
53 9
53 0
53 0
53 0
53 0
53 0
53 0
53 0
53 0
53 9
53 0
53 0
53 0
53 0
53 0
53 1
53 0
53 2
53 0
53 0
53 0
53 4
53 0
53 1
53 0
53 0
53 0
53 0
53 0
53 0
53 0
53 0
53 0
54 8
54 0
54 0
54 1
54 0
54 13
54 0
54 0
54 3
54 11
54 2
54 0
54 0
54 3
54 0
54 6
54 10
54 0
54 0
54 0
54 6
54 0
54 1
54 7
54 0
54 0
54 2
54 0
54 0
54 0
54 0
54 2
54 6
54 0
54 10
54 0
54 0
54 6
54 1
54 8
54 0
54 1
54 0
54 0
54 0
54 0
54 0
54 0
54 4
54 8
55 0
55 0
55 2
55 0
55 3
55 5
55 0
55 0
55 0
55 0
55 0
55 7
55 4
55 0
55 0
55 0
55 0
55 0
55 3
55 0
55 0
55 0
55 0
55 0
55 11
55 0
55 5
55 0
55 1
55 0
55 7
55 0
55 0
55 0
55 0
55 0
55 0
55 6
55 0
55 12
55 0
55 0
55 0
55 1
55 0
55 0
55 0
55 1
55 0
55 5
56 0
56 0
56 0
56 0
56 0
56 2
56 0
56 0
56 0
56 3
56 0
56 0
56 0
56 0
56 6
56 0
56 0
56 2
56 3
56 0
56 1
56 0
56 0
56 0
56 1
56 0
56 2
56 0
56 5
56 8
56 0
56 6
56 0
56 10
56 1
56 0
56 0
56 0
56 0
56 0
56 0
56 0
56 0
56 10
56 0
56 0
56 0
56 0
56 4
56 0
57 0
57 3
57 1
57 0
57 8
57 0
57 0
57 0
57 0
57 0
57 0
57 0
57 1
57 0
57 6
57 0
57 4
57 0
57 0
57 0
57 0
57 0
57 0
57 0
57 3
57 0
57 0
57 1
57 3
57 0
57 0
57 0
57 0
57 0
57 1
57 0
57 0
57 0
57 1
57 0
57 1
57 0
57 0
57 0
57 1
57 0
57 4
57 4
57 0
57 8
58 0
58 0
58 0
58 0
58 10
58 0
58 0
58 0
58 0
58 0
58 0
58 0
58 6
58 0
58 0
58 0
58 0
58 0
58 0
58 0
58 0
58 13
58 0
58 0
58 0
58 0
58 0
58 0
58 0
58 0
58 0
58 0
58 0
58 0
58 0
58 3
58 0
58 0
58 4
58 0
58 2
58 1
58 0
58 0
58 0
58 0
58 0
58 0
58 0
58 9
59 0
59 5
59 0
59 8
59 0
59 1
59 0
59 6
59 0
59 6
59 8
59 0
59 0
59 1
59 0
59 0
59 0
59 9
59 11
59 0
59 0
59 0
59 2
59 0
59 0
59 0
59 0
59 0
59 0
59 0
59 0
59 0
59 0
59 0
59 2
59 0
59 0
59 0
59 0
59 0
59 3
59 0
59 0
59 0
59 0
59 0
59 0
59 0
59 10
59 0
60 0
60 0
60 0
60 0
60 0
60 0
60 8
60 0
60 0
60 0
60 1
60 0
60 4
60 1
60 0
60 0
60 0
60 0
60 0
60 0
60 0
60 0
60 0
60 0
60 2
60 1
60 8
60 6
60 0
60 5
60 0
60 1
60 3
60 0
60 0
60 0
60 0
60 0
60 6
60 0
60 7
60 0
60 0
60 0
60 15
60 0
60 0
60 7
60 1
60 0
61 4
61 0
61 0
61 7
61 5
61 2
61 0
61 0
61 0
61 0
61 0
61 1
61 0
61 0
61 0
61 3
61 4
61 0
61 0
61 0
61 0
61 0
61 0
61 0
61 1
61 4
61 7
61 0
61 0
61 0
61 0
61 12
61 0
61 0
61 0
61 1
61 0
61 0
61 0
61 0
61 0
61 0
61 0
61 0
61 0
61 0
61 0
61 0
61 0
61 0
62 1
62 0
62 0
62 0
62 1
62 0
62 0
62 0
62 6
62 0
62 7
62 3
62 0
62 0
62 0
62 0
62 0
62 0
62 0
62 6
62 0
62 1
62 4
62 0
62 0
62 0
62 0
62 8
62 0
62 1
62 0
62 3
62 0
62 0
62 0
62 0
62 0
62 0
62 0
62 8
62 0
62 0
62 0
62 0
62 0
62 1
62 0
62 3
62 0
62 0
63 7
63 2
63 0
63 0
63 0
63 9
63 5
63 11
63 9
63 0
63 0
63 0
63 1
63 0
63 5
63 0
63 0
63 0
63 7
63 0
63 0
63 0
63 10
63 0
63 0
63 6
63 0
63 0
63 1
63 0
63 0
63 8
63 0
63 2
63 0
63 0
63 0
63 6
63 0
63 1
63 0
63 0
63 2
63 0
63 0
63 7
63 6
63 1
63 0
63 0
64 0
64 0
64 0
64 0
64 0
64 4
64 0
64 4
64 0
64 0
64 0
64 0
64 0
64 0
64 1
64 0
64 0
64 0
64 7
64 0
64 0
64 2
64 3
64 9
64 0
64 0
64 0
64 5
64 0
64 0
64 0
64 1
64 0
64 5
64 0
64 4
64 2
64 0
64 5
64 0
64 0
64 9
64 0
64 0
64 0
64 0
64 0
64 0
64 0
64 0
65 0
65 0
65 0
65 0
65 0
65 6
65 0
65 0
65 6
65 4
65 0
65 0
65 6
65 0
65 2
65 5
65 0
65 0
65 7
65 0
65 0
65 8
65 2
65 0
65 13
65 0
65 0
65 0
65 0
65 0
65 0
65 0
65 0
65 0
65 0
65 0
65 0
65 0
65 0
65 0
65 0
65 0
65 0
65 0
65 4
65 3
65 1
65 14
65 1
65 4
66 0
66 0
66 0
66 0
66 0
66 0
66 0
66 5
66 0
66 0
66 4
66 0
66 0
66 0
66 0
66 10
66 0
66 2
66 0
66 0
66 4
66 0
66 8
66 0
66 0
66 0
66 0
66 0
66 9
66 0
66 0
66 0
66 0
66 0
66 3
66 0
66 0
66 0
66 0
66 8
66 0
66 0
66 0
66 0
66 0
66 0
66 0
66 0
66 0
66 0
67 12
67 12
67 10
67 0
67 0
67 0
67 4
67 0
67 7
67 0
67 0
67 0
67 0
67 2
67 0
67 0
67 0
67 3
67 4
67 0
67 0
67 0
67 0
67 0
67 0
67 1
67 0
67 0
67 0
67 4
67 0
67 0
67 0
67 0
67 0
67 0
67 6
67 0
67 0
67 0
67 13
67 8
67 0
67 0
67 0
67 0
67 0
67 0
67 0
67 0
68 4
68 0
68 6
68 0
68 0
68 0
68 0
68 0
68 0
68 0
68 7
68 0
68 0
68 9
68 0
68 0
68 0
68 3
68 11
68 0
68 0
68 0
68 0
68 0
68 8
68 0
68 0
68 0
68 0
68 0
68 0
68 0
68 0
68 4
68 14
68 0
68 5
68 0
68 6
68 10
68 0
68 0
68 0
68 0
68 7
68 0
68 0
68 0
68 0
68 0
69 0
69 11
69 0
69 0
69 0
69 0
69 0
69 0
69 0
69 3
69 0
69 0
69 0
69 0
69 0
69 0
69 5
69 5
69 4
69 0
69 0
69 0
69 0
69 0
69 0
69 0
69 0
69 0
69 0
69 0
69 0
69 0
69 0
69 15
69 0
69 0
69 0
69 0
69 0
69 7
69 0
69 1
69 0
69 0
69 0
69 0
69 4
69 0
69 0
69 1
70 0
70 0
70 1
70 0
70 0
70 0
70 0
70 0
70 0
70 0
70 8
70 0
70 7
70 0
70 0
70 5
70 0
70 0
70 6
70 0
70 0
70 10
70 8
70 0
70 0
70 0
70 0
70 0
70 0
70 0
70 0
70 0
70 4
70 3
70 0
70 0
70 0
70 0
70 0
70 0
70 4
70 0
70 0
70 0
70 1
70 0
70 0
70 0
70 0
70 0
71 0
71 0
71 0
71 0
71 0
71 0
71 11
71 0
71 6
71 0
71 0
71 0
71 2
71 0
71 0
71 0
71 0
71 0
71 0
71 0
71 0
71 0
71 0
71 0
71 0
71 0
71 0
71 0
71 0
71 0
71 0
71 1
71 0
71 0
71 0
71 2
71 0
71 1
71 10
71 0
71 0
71 0
71 0
71 3
71 0
71 0
71 0
71 8
71 0
71 0
72 0
72 1
72 0
72 0
72 0
72 0
72 8
72 0
72 0
72 0
72 0
72 0
72 5
72 0
72 0
72 0
72 0
72 0
72 0
72 0
72 8
72 0
72 1
72 1
72 5
72 0
72 0
72 0
72 0
72 0
72 0
72 2
72 0
72 0
72 0
72 0
72 0
72 2
72 0
72 0
72 0
72 0
72 0
72 0
72 0
72 1
72 0
72 0
72 0
72 0
73 0
73 0
73 5
73 10
73 0
73 13
73 0
73 0
73 0
73 0
73 1
73 4
73 0
73 0
73 0
73 0
73 2
73 0
73 3
73 0
73 0
73 0
73 0
73 0
73 0
73 0
73 0
73 0
73 0
73 0
73 0
73 1
73 0
73 0
73 0
73 0
73 0
73 0
73 1
73 0
73 0
73 0
73 0
73 0
73 11
73 0
73 0
73 0
73 0
73 0
74 0
74 0
74 1
74 0
74 0
74 0
74 2
74 3
74 0
74 0
74 0
74 0
74 0
74 0
74 0
74 0
74 0
74 0
74 0
74 0
74 0
74 0
74 2
74 0
74 0
74 7
74 0
74 0
74 1
74 1
74 3
74 2
74 0
74 4
74 0
74 0
74 5
74 1
74 1
74 1
74 1
74 8
74 6
74 0
74 0
74 0
74 0
74 0
74 0
74 0
75 9
75 0
75 0
75 3
75 2
75 0
75 0
75 6
75 0
75 3
75 0
75 0
75 7
75 0
75 0
75 0
75 0
75 0
75 0
75 0
75 0
75 0
75 0
75 0
75 0
75 0
75 0
75 0
75 0
75 1
75 0
75 1
75 0
75 0
75 2
75 0
75 0
75 0
75 0
75 0
75 5
75 0
75 0
75 0
75 0
75 9
75 5
75 0
75 0
75 3
76 5
76 0
76 0
76 0
76 0
76 0
76 0
76 0
76 5
76 0
76 0
76 0
76 0
76 0
76 0
76 0
76 0
76 0
76 0
76 0
76 0
76 0
76 4
76 0
76 0
76 0
76 0
76 0
76 11
76 0
76 0
76 0
76 0
76 0
76 0
76 0
76 1
76 0
76 0
76 0
76 0
76 0
76 0
76 0
76 0
76 0
76 0
76 0
76 0
76 0
77 0
77 0
77 0
77 0
77 2
77 7
77 0
77 4
77 0
77 0
77 7
77 1
77 0
77 0
77 0
77 0
77 0
77 0
77 0
77 0
77 8
77 0
77 0
77 0
77 0
77 0
77 0
77 3
77 0
77 0
77 0
77 0
77 2
77 0
77 0
77 0
77 0
77 1
77 7
77 4
77 0
77 0
77 0
77 0
77 0
77 0
77 1
77 0
77 0
77 0
78 6
78 12
78 0
78 0
78 2
78 0
78 0
78 0
78 0
78 0
78 0
78 5
78 0
78 0
78 0
78 0
78 0
78 0
78 0
78 0
78 0
78 0
78 0
78 1
78 0
78 8
78 0
78 3
78 0
78 0
78 0
78 0
78 0
78 11
78 1
78 4
78 0
78 8
78 11
78 0
78 0
78 0
78 0
78 0
78 0
78 3
78 0
78 0
78 0
78 0
79 15
79 1
79 0
79 0
79 0
79 4
79 0
79 0
79 0
79 0
79 1
79 0
79 0
79 0
79 7
79 0
79 0
79 0
79 0
79 3
79 0
79 4
79 0
79 1
79 0
79 0
79 0
79 8
79 0
79 0
79 7
79 0
79 0
79 0
79 0
79 0
79 0
79 0
79 0
79 0
79 0
79 9
79 0
79 0
79 0
79 1
79 0
79 1
79 1
79 0
80 14
80 0
80 0
80 13
80 3
80 6
80 0
80 0
80 8
80 1
80 0
80 0
80 0
80 0
80 0
80 0
80 0
80 0
80 0
80 0
80 1
80 0
80 0
80 0
80 0
80 0
80 6
80 0
80 0
80 0
80 1
80 0
80 11
80 0
80 8
80 0
80 0
80 1
80 0
80 1
80 8
80 0
80 0
80 0
80 1
80 0
80 0
80 8
80 2
80 8
81 1
81 0
81 0
81 0
81 1
81 3
81 0
81 7
81 0
81 0
81 0
81 0
81 4
81 0
81 0
81 7
81 0
81 0
81 0
81 0
81 6
81 0
81 0
81 1
81 0
81 0
81 0
81 0
81 0
81 0
81 0
81 3
81 3
81 1
81 0
81 0
81 0
81 0
81 2
81 0
81 0
81 0
81 0
81 14
81 0
81 0
81 0
81 0
81 0
81 0
82 0
82 0
82 0
82 0
82 0
82 0
82 0
82 0
82 0
82 0
82 0
82 3
82 5
82 0
82 2
82 0
82 11
82 11
82 0
82 0
82 0
82 0
82 4
82 11
82 0
82 0
82 0
82 2
82 4
82 6
82 0
82 0
82 0
82 2
82 0
82 0
82 0
82 0
82 0
82 2
82 8
82 9
82 0
82 1
82 0
82 0
82 0
82 0
82 0
82 0
83 0
83 0
83 0
83 1
83 0
83 0
83 0
83 0
83 0
83 1
83 0
83 0
83 3
83 6
83 0
83 0
83 0
83 0
83 0
83 0
83 0
83 12
83 0
83 3
83 0
83 0
83 0
83 0
83 0
83 0
83 5
83 0
83 0
83 0
83 0
83 2
83 0
83 0
83 2
83 4
83 0
83 5
83 0
83 0
83 2
83 0
83 1
83 1
83 0
83 0
84 0
84 0
84 0
84 4
84 0
84 0
84 1
84 2
84 0
84 0
84 6
84 0
84 0
84 0
84 0
84 0
84 0
84 0
84 0
84 6
84 0
84 0
84 1
84 14
84 0
84 0
84 0
84 0
84 0
84 8
84 7
84 0
84 2
84 11
84 0
84 9
84 0
84 0
84 3
84 0
84 0
84 0
84 0
84 1
84 0
84 3
84 0
84 0
84 0
84 1
85 0
85 0
85 0
85 0
85 0
85 0
85 0
85 0
85 0
85 15
85 0
85 6
85 0
85 0
85 0
85 7
85 0
85 0
85 0
85 1
85 0
85 0
85 1
85 2
85 0
85 2
85 0
85 0
85 0
85 0
85 0
85 0
85 0
85 0
85 0
85 0
85 0
85 2
85 0
85 0
85 7
85 0
85 0
85 0
85 0
85 0
85 0
85 0
85 0
85 0
86 0
86 0
86 0
86 0
86 0
86 2
86 0
86 0
86 7
86 1
86 0
86 4
86 0
86 0
86 0
86 0
86 0
86 0
86 0
86 0
86 0
86 0
86 0
86 0
86 0
86 0
86 0
86 0
86 0
86 0
86 10
86 0
86 0
86 0
86 4
86 8
86 0
86 0
86 0
86 0
86 0
86 0
86 5
86 0
86 0
86 0
86 0
86 2
86 13
86 0
87 6
87 0
87 0
87 4
87 0
87 0
87 11
87 0
87 0
87 0
87 5
87 8
87 0
87 0
87 6
87 1
87 0
87 0
87 0
87 1
87 0
87 0
87 0
87 5
87 0
87 0
87 0
87 0
87 0
87 0
87 0
87 0
87 0
87 0
87 0
87 6
87 0
87 8
87 0
87 1
87 0
87 0
87 2
87 4
87 0
87 0
87 1
87 0
87 1
87 0
88 3
88 6
88 0
88 0
88 0
88 0
88 0
88 0
88 7
88 0
88 0
88 0
88 0
88 0
88 0
88 1
88 8
88 0
88 9
88 0
88 0
88 5
88 9
88 4
88 0
88 2
88 0
88 0
88 3
88 0
88 0
88 0
88 9
88 0
88 0
88 1
88 0
88 0
88 0
88 13
88 0
88 0
88 0
88 0
88 0
88 0
88 7
88 0
88 0
88 5
89 0
89 3
89 0
89 0
89 1
89 0
89 0
89 7
89 3
89 0
89 0
89 0
89 2
89 0
89 2
89 0
89 0
89 0
89 0
89 10
89 0
89 0
89 6
89 0
89 0
89 0
89 0
89 0
89 0
89 0
89 2
89 0
89 6
89 0
89 0
89 0
89 1
89 0
89 0
89 4
89 3
89 0
89 0
89 0
89 0
89 5
89 0
89 0
89 9
89 0
90 2
90 0
90 7
90 0
90 0
90 3
90 4
90 0
90 0
90 0
90 1
90 0
90 0
90 0
90 0
90 0
90 1
90 2
90 0
90 0
90 3
90 1
90 0
90 0
90 0
90 1
90 12
90 0
90 0
90 0
90 0
90 0
90 0
90 0
90 1
90 0
90 8
90 0
90 0
90 0
90 0
90 1
90 0
90 0
90 0
90 0
90 0
90 1
90 0
90 0
91 9
91 0
91 0
91 3
91 0
91 0
91 0
91 0
91 0
91 0
91 7
91 0
91 0
91 0
91 0
91 0
91 0
91 4
91 0
91 4
91 0
91 0
91 0
91 0
91 0
91 0
91 0
91 5
91 0
91 0
91 0
91 0
91 0
91 8
91 0
91 0
91 0
91 0
91 0
91 0
91 0
91 5
91 0
91 0
91 0
91 0
91 0
91 0
91 0
91 0
92 7
92 0
92 0
92 0
92 0
92 0
92 3
92 0
92 3
92 0
92 0
92 0
92 0
92 0
92 0
92 0
92 0
92 1
92 0
92 0
92 0
92 0
92 0
92 0
92 10
92 9
92 0
92 0
92 8
92 0
92 0
92 0
92 0
92 0
92 0
92 0
92 6
92 0
92 0
92 0
92 0
92 0
92 0
92 0
92 0
92 0
92 6
92 0
92 0
92 1
93 3
93 4
93 3
93 0
93 0
93 0
93 3
93 0
93 0
93 0
93 0
93 0
93 0
93 11
93 0
93 0
93 0
93 3
93 1
93 6
93 4
93 1
93 0
93 0
93 0
93 8
93 0
93 0
93 0
93 0
93 6
93 0
93 0
93 0
93 0
93 0
93 10
93 9
93 0
93 0
93 0
93 0
93 0
93 0
93 0
93 0
93 0
93 0
93 0
93 0
94 0
94 0
94 0
94 3
94 0
94 0
94 0
94 0
94 0
94 0
94 0
94 0
94 0
94 0
94 1
94 0
94 0
94 6
94 2
94 0
94 10
94 0
94 0
94 2
94 0
94 0
94 0
94 3
94 0
94 3
94 0
94 1
94 2
94 0
94 0
94 0
94 0
94 0
94 0
94 1
94 0
94 0
94 0
94 0
94 0
94 1
94 0
94 0
94 0
94 16
95 3
95 0
95 0
95 0
95 0
95 14
95 0
95 0
95 0
95 0
95 0
95 0
95 0
95 1
95 0
95 0
95 0
95 1
95 0
95 2
95 0
95 2
95 2
95 2
95 0
95 0
95 0
95 0
95 0
95 0
95 0
95 0
95 0
95 3
95 0
95 0
95 0
95 0
95 0
95 0
95 2
95 0
95 8
95 0
95 0
95 0
95 0
95 17
95 0
95 0
96 0
96 0
96 0
96 0
96 1
96 0
96 0
96 0
96 6
96 0
96 0
96 0
96 4
96 0
96 1
96 0
96 0
96 0
96 0
96 1
96 0
96 0
96 0
96 0
96 0
96 0
96 0
96 0
96 0
96 3
96 0
96 0
96 0
96 1
96 0
96 14
96 0
96 0
96 5
96 0
96 0
96 0
96 6
96 0
96 2
96 1
96 2
96 3
96 0
96 0
97 5
97 0
97 0
97 1
97 0
97 0
97 1
97 0
97 0
97 0
97 0
97 0
97 0
97 1
97 0
97 0
97 2
97 5
97 0
97 0
97 0
97 4
97 0
97 0
97 0
97 0
97 0
97 0
97 0
97 0
97 0
97 1
97 0
97 0
97 0
97 1
97 0
97 0
97 0
97 0
97 0
97 0
97 0
97 0
97 7
97 0
97 0
97 0
97 0
97 0
98 0
98 1
98 0
98 0
98 0
98 3
98 0
98 0
98 0
98 0
98 0
98 0
98 0
98 0
98 0
98 7
98 0
98 0
98 1
98 0
98 0
98 0
98 3
98 0
98 1
98 7
98 0
98 0
98 0
98 0
98 0
98 4
98 0
98 0
98 0
98 0
98 2
98 0
98 3
98 0
98 2
98 0
98 1
98 0
98 4
98 0
98 0
98 3
98 2
98 0
99 3
99 0
99 0
99 0
99 1
99 0
99 0
99 0
99 0
99 6
99 3
99 0
99 0
99 0
99 0
99 1
99 0
99 4
99 0
99 3
99 2
99 0
99 0
99 0
99 8
99 0
99 0
99 8
99 0
99 0
99 0
99 3
99 0
99 0
99 0
99 2
99 0
99 0
99 1
99 0
99 0
99 0
99 0
99 0
99 0
99 3
99 0
99 0
99 0
99 3
100 0
100 1
100 0
100 0
100 0
100 0
100 0
100 1
100 0
100 0
100 1
100 0
100 0
100 0
100 0
100 0
100 2
100 0
100 0
100 0
100 0
100 7
100 1
100 0
100 8
100 0
100 0
100 0
100 3
100 0
100 0
100 0
100 0
100 0
100 0
100 0
100 0
100 2
100 0
100 0
100 0
100 0
100 1
100 0
100 3
100 0
100 0
100 14
100 0
100 0
