1	1
1	1
1	0
1	9
1	1
1	1
1	1
1	2
1	1
1	1
1	1
1	1
1	0
1	1
1	1
1	0
1	1
1	1
1	3
1	0
1	1
1	2
1	1
1	1
1	0
1	1
1	0
1	2
1	0
1	1
2	1
2	1
2	1
2	7
2	2
2	2
2	1
2	2
2	0
2	0
2	1
2	1
2	1
2	1
2	0
2	1
2	3
2	1
2	2
2	1
2	0
2	4
2	1
2	0
2	0
2	0
2	1
2	1
2	1
2	1
3	2
3	1
3	1
3	8
3	1
3	15
3	2
3	3
3	1
3	1
3	1
3	1
3	1
3	3
3	7
3	1
3	2
3	2
3	3
3	1
3	1
3	8
3	2
3	0
3	1
3	2
3	3
3	5
3	3
3	1
4	17
4	2
4	1
4	8
4	0
4	11
4	4
4	4
4	1
4	1
4	1
4	2
4	1
4	11
4	6
4	2
4	2
4	1
4	5
4	1
4	1
4	10
4	4
4	1
4	2
4	2
4	5
4	5
4	2
4	1
5	10
5	6
5	0
5	14
5	1
5	9
5	1
5	3
5	1
5	2
5	0
5	2
5	1
5	6
5	8
5	3
5	3
5	2
5	3
5	2
5	0
5	9
5	1
5	3
5	8
5	3
5	5
5	3
5	2
5	9
6	5
6	7
6	1
6	14
6	1
6	15
6	3
6	2
6	1
6	1
6	1
6	1
6	0
6	11
6	11
6	3
6	1
6	3
6	9
6	1
6	1
6	11
6	2
6	5
6	12
6	2
6	4
6	4
6	2
6	6
7	10
7	6
7	0
7	18
7	1
7	8
7	1
7	5
7	6
7	1
7	1
7	2
7	1
7	12
7	10
7	5
7	1
7	2
7	3
7	3
7	1
7	14
7	2
7	6
7	11
7	3
7	4
7	2
7	3
7	7
8	11
8	9
8	1
8	12
8	1
8	10
8	3
8	2
8	3
8	4
8	0
8	1
8	1
8	14
8	11
8	1
8	4
8	4
8	6
8	3
8	1
8	14
8	2
8	11
8	13
8	2
8	4
8	4
8	10
8	6
9	12
9	7
9	0
9	17
9	2
9	10
9	2
9	3
9	1
9	4
9	1
9	1
9	0
9	13
9	15
9	2
9	2
9	3
9	7
9	9
9	1
9	12
9	1
9	6
9	9
9	4
9	2
9	2
9	12
9	12
10	15
10	10
10	1
10	13
10	1
10	12
10	2
10	4
10	3
10	3
10	1
10	1
10	1
10	11
10	11
10	4
10	3
10	1
10	4
10	8
10	4
10	12
10	3
10	6
10	13
10	5
10	2
10	2
10	12
10	24
11	13
11	8
11	1
11	12
11	1
11	14
11	1
11	4
11	2
11	2
11	1
11	1
11	1
11	13
11	12
11	2
11	3
11	5
11	7
11	7
11	5
11	15
11	3
11	16
11	9
11	2
11	4
11	6
11	11
11	10
12	12
12	9
12	1
12	9
12	2
12	10
12	1
12	4
12	4
12	2
12	1
12	1
12	0
12	12
12	11
12	4
12	3
12	4
12	4
12	11
12	5
12	12
12	2
12	30
12	12
12	8
12	3
12	2
12	16
12	26
13	13
13	10
13	1
13	11
13	1
13	10
13	4
13	4
13	1
13	4
13	1
13	5
13	4
13	18
13	10
13	3
13	3
13	4
13	9
13	13
13	6
13	12
13	2
13	23
13	11
13	11
13	4
13	6
13	10
13	25
14	7
14	5
14	1
14	29
14	1
14	11
14	4
14	2
14	1
14	3
14	1
14	14
14	2
14	15
14	15
14	1
14	4
14	8
14	9
14	15
14	3
14	11
14	1
14	42
14	11
14	11
14	4
14	4
14	8
14	32
15	16
15	8
15	1
15	40
15	1
15	10
15	2
15	3
15	5
15	3
15	1
15	11
15	2
15	21
15	12
15	3
15	4
15	7
15	13
15	12
15	8
15	16
15	1
15	37
15	9
15	10
15	2
15	2
15	11
15	40
16	10
16	11
16	1
16	38
16	1
16	15
16	1
16	4
16	11
16	3
16	2
16	23
16	1
16	26
16	12
16	3
16	3
16	8
16	12
16	12
16	10
16	14
16	4
16	32
16	12
16	10
16	5
16	4
16	11
16	24
17	12
17	11
17	1
17	56
17	2
17	13
17	4
17	5
17	15
17	3
17	2
17	14
17	1
17	20
17	9
17	5
17	2
17	17
17	17
17	12
17	11
17	16
17	5
17	44
17	18
17	12
17	3
17	6
17	13
17	37
18	5
18	9
18	1
18	52
18	1
18	9
18	2
18	3
18	13
18	3
18	8
18	15
18	1
18	25
18	15
18	4
18	2
18	16
18	12
18	14
18	6
18	11
18	8
18	42
18	14
18	19
18	3
18	4
18	14
18	41
19	7
19	7
19	1
19	51
19	1
19	10
19	2
19	3
19	14
19	3
19	4
19	17
19	2
19	34
19	13
19	3
19	2
19	15
19	15
19	11
19	12
19	16
19	7
19	40
19	14
19	8
19	2
19	8
19	13
19	33
20	10
20	8
20	2
20	48
20	1
20	13
20	2
20	4
20	14
20	2
20	4
20	19
20	1
20	27
20	12
20	1
20	3
20	18
20	15
20	14
20	9
20	13
20	11
20	31
20	17
20	9
20	1
20	10
20	15
20	49
21	10
21	12
21	1
21	51
21	1
21	13
21	1
21	3
21	16
21	1
21	8
21	11
21	1
21	38
21	13
21	3
21	4
21	21
21	13
21	13
21	10
21	12
21	7
21	27
21	11
21	14
21	3
21	9
21	16
21	42
22	16
22	6
22	1
22	46
22	1
22	19
22	13
22	3
22	12
22	3
22	12
22	14
22	4
22	43
22	15
22	3
22	4
22	36
22	16
22	11
22	13
22	10
22	15
22	43
22	12
22	14
22	4
22	18
22	11
22	43
23	10
23	6
23	1
23	47
23	2
23	11
23	7
23	7
23	8
23	4
23	9
23	18
23	8
23	31
23	7
23	4
23	2
23	33
23	18
23	10
23	20
23	10
23	12
23	28
23	8
23	10
23	2
23	11
23	12
23	37
24	13
24	10
24	2
24	28
24	1
24	10
24	10
24	1
24	15
24	16
24	8
24	18
24	12
24	30
24	12
24	4
24	4
24	33
24	14
24	11
24	11
24	11
24	11
24	46
24	10
24	14
24	3
24	12
24	11
24	39
25	11
25	9
25	1
25	54
25	1
25	11
25	14
25	4
25	17
25	10
25	13
25	21
25	12
25	36
25	13
25	3
25	3
25	23
25	20
25	16
25	11
25	15
25	12
25	52
25	13
25	13
25	3
25	13
25	11
25	40
26	9
26	14
26	2
26	47
26	1
26	19
26	12
26	5
26	16
26	12
26	16
26	16
26	14
26	36
26	14
26	3
26	4
26	34
26	11
26	13
26	12
26	13
26	17
26	38
26	11
26	12
26	2
26	14
26	11
26	41
27	11
27	11
27	2
27	54
27	2
27	15
27	8
27	2
27	13
27	11
27	11
27	17
27	17
27	54
27	13
27	8
27	3
27	33
27	13
27	11
27	9
27	10
27	14
27	42
27	10
27	15
27	4
27	10
27	15
27	47
28	10
28	14
28	4
28	59
28	2
28	13
28	10
28	5
28	18
28	15
28	18
28	22
28	13
28	54
28	14
28	12
28	2
28	35
28	15
28	13
28	9
28	11
28	11
28	37
28	9
28	9
28	3
28	13
28	18
28	42
29	12
29	10
29	3
29	49
29	4
29	11
29	20
29	3
29	11
29	11
29	9
29	18
29	10
29	23
29	12
29	15
29	3
29	35
29	11
29	20
29	20
29	13
29	26
29	50
29	11
29	16
29	3
29	12
29	15
29	42
30	9
30	14
30	4
30	54
30	1
30	11
30	10
30	2
30	11
30	12
30	14
30	19
30	9
30	23
30	12
30	21
30	4
30	40
30	16
30	14
30	14
30	16
30	17
30	47
30	10
30	15
30	4
30	12
30	14
30	49
31	15
31	15
31	4
31	54
31	1
31	13
31	11
31	3
31	15
31	14
31	13
31	12
31	10
31	33
31	10
31	19
31	3
31	31
31	15
31	11
31	10
31	8
31	42
31	45
31	13
31	14
31	3
31	11
31	14
31	47
32	9
32	17
32	2
32	46
32	1
32	15
32	18
32	6
32	15
32	10
32	11
32	11
32	8
32	32
32	18
32	20
32	2
32	26
32	14
32	12
32	15
32	17
32	32
32	44
32	15
32	18
32	5
32	13
32	14
32	41
33	14
33	17
33	3
33	44
33	5
33	12
33	12
33	3
33	13
33	11
33	10
33	11
33	12
33	28
33	10
33	37
33	2
33	36
33	18
33	12
33	12
33	13
33	48
33	49
33	13
33	12
33	4
33	10
33	14
33	49
34	8
34	11
34	3
34	54
34	4
34	20
34	12
34	4
34	13
34	12
34	10
34	14
34	11
34	21
34	15
34	29
34	2
34	41
34	18
34	10
34	15
34	14
34	47
34	44
34	15
34	26
34	2
34	15
34	21
34	45
35	16
35	17
35	2
35	54
35	4
35	15
35	15
35	4
35	13
35	7
35	15
35	27
35	12
35	36
35	10
35	31
35	3
35	32
35	14
35	12
35	14
35	12
35	43
35	51
35	10
35	15
35	5
35	9
35	20
35	42
36	7
36	16
36	3
36	48
36	4
36	13
36	13
36	2
36	14
36	13
36	9
36	13
36	10
36	32
36	17
36	31
36	3
36	62
36	11
36	12
36	17
36	15
36	29
36	43
36	15
36	15
36	1
36	8
36	18
36	44
37	9
37	17
37	4
37	45
37	1
37	11
37	13
37	2
37	17
37	13
37	9
37	20
37	14
37	35
37	21
37	40
37	5
37	58
37	21
37	15
37	12
37	16
37	23
37	46
37	12
37	18
37	2
37	13
37	12
37	49
38	10
38	15
38	2
38	55
38	3
38	14
38	16
38	4
38	17
38	11
38	13
38	15
38	12
38	26
38	14
38	60
38	2
38	57
38	11
38	17
38	11
38	13
38	33
38	43
38	12
38	15
38	3
38	9
38	14
38	40
39	15
39	14
39	2
39	45
39	4
39	16
39	26
39	9
39	14
39	13
39	11
39	15
39	13
39	47
39	10
39	48
39	1
39	56
39	15
39	14
39	14
39	11
39	30
39	42
39	14
39	20
39	3
39	8
39	20
39	42
40	16
40	13
40	3
40	61
40	3
40	12
40	13
40	3
40	14
40	10
40	14
40	14
40	12
40	40
40	10
40	76
40	4
40	67
40	11
40	11
40	11
40	12
40	52
40	37
40	13
40	13
40	2
40	13
40	16
40	49
41	13
41	15
41	5
41	54
41	3
41	13
41	11
41	4
41	14
41	12
41	12
41	16
41	13
41	39
41	15
41	90
41	2
41	44
41	13
41	13
41	11
41	9
41	47
41	43
41	17
41	16
41	3
41	14
41	17
41	45
42	12
42	13
42	3
42	51
42	5
42	11
42	11
42	7
42	19
42	9
42	11
42	17
42	15
42	52
42	22
42	73
42	1
42	55
42	19
42	11
42	15
42	11
42	57
42	48
42	14
42	22
42	3
42	13
42	12
42	51
43	9
43	13
43	3
43	59
43	5
43	13
43	12
43	3
43	17
43	9
43	14
43	19
43	11
43	37
43	11
43	102
43	3
43	63
43	18
43	9
43	18
43	18
43	48
43	47
43	11
43	22
43	2
43	13
43	20
43	46
44	14
44	14
44	2
44	46
44	5
44	15
44	10
44	4
44	15
44	12
44	7
44	19
44	11
44	45
44	14
44	88
44	3
44	42
44	33
44	23
44	9
44	10
44	50
44	45
44	13
44	20
44	2
44	9
44	17
44	44
45	13
45	11
45	3
45	54
45	15
45	12
45	16
45	3
45	23
45	12
45	11
45	13
45	14
45	44
45	14
45	70
45	4
45	76
45	24
45	12
45	11
45	12
45	50
45	48
45	11
45	22
45	3
45	10
45	14
45	44
46	16
46	8
46	3
46	60
46	18
46	14
46	16
46	6
46	38
46	13
46	14
46	13
46	11
46	37
46	11
46	91
46	3
46	49
46	31
46	11
46	9
46	12
46	53
46	41
46	10
46	33
46	3
46	12
46	20
46	48
47	12
47	13
47	3
47	39
47	11
47	11
47	13
47	3
47	38
47	11
47	15
47	17
47	11
47	46
47	13
47	71
47	3
47	63
47	25
47	15
47	14
47	12
47	57
47	35
47	10
47	33
47	2
47	15
47	18
47	50
48	12
48	19
48	3
48	41
48	14
48	13
48	17
48	5
48	27
48	15
48	11
48	11
48	12
48	37
48	9
48	76
48	2
48	56
48	23
48	10
48	12
48	9
48	49
48	57
48	11
48	21
48	4
48	13
48	15
48	52
49	16
49	16
49	3
49	38
49	15
49	17
49	25
49	4
49	40
49	10
49	14
49	17
49	12
49	45
49	10
49	96
49	3
49	47
49	36
49	13
49	16
49	15
49	65
49	39
49	9
49	27
49	8
49	14
49	14
49	64
50	17
50	12
50	2
50	37
50	16
50	13
50	34
50	4
50	37
50	8
50	15
50	14
50	12
50	46
50	21
50	80
50	4
50	39
50	42
50	11
50	14
50	14
50	51
50	45
50	13
50	17
50	3
50	12
50	16
50	71
51	13
51	13
51	3
51	63
51	16
51	13
51	26
51	5
51	50
51	9
51	14
51	19
51	12
51	44
51	15
51	64
51	2
51	62
51	38
51	15
51	13
51	11
51	46
51	51
51	12
51	21
51	4
51	10
51	16
51	47
52	7
52	13
52	5
52	43
52	11
52	11
52	35
52	4
52	40
52	10
52	12
52	13
52	17
52	46
52	17
52	71
52	3
52	59
52	29
52	12
52	13
52	13
52	54
52	48
52	13
52	20
52	4
52	10
52	12
52	57
53	10
53	12
53	3
53	52
53	15
53	10
53	37
53	4
53	27
53	15
53	13
53	19
53	11
53	42
53	11
53	72
53	5
53	77
53	34
53	13
53	11
53	13
53	55
53	47
53	12
53	25
53	3
53	12
53	16
53	36
54	10
54	10
54	3
54	57
54	14
54	12
54	28
54	6
54	40
54	16
54	13
54	18
54	14
54	31
54	13
54	79
54	3
54	65
54	30
54	10
54	12
54	13
54	50
54	51
54	11
54	25
54	3
54	10
54	15
54	75
55	13
55	16
55	4
55	51
55	12
55	10
55	36
55	7
55	39
55	12
55	12
55	16
55	15
55	43
55	10
55	60
55	5
55	61
55	30
55	15
55	10
55	10
55	56
55	42
55	8
55	20
55	2
55	15
55	14
55	55
56	10
56	17
56	3
56	49
56	13
56	15
56	36
56	6
56	47
56	14
56	14
56	16
56	15
56	49
56	10
56	73
56	5
56	77
56	27
56	11
56	12
56	13
56	48
56	57
56	10
56	32
56	1
56	17
56	10
56	51
57	13
57	18
57	3
57	44
57	11
57	13
57	25
57	2
57	47
57	8
57	13
57	28
57	15
57	46
57	10
57	63
57	5
57	82
57	31
57	13
57	15
57	12
57	49
57	44
57	16
57	21
57	3
57	17
57	15
57	61
58	14
58	15
58	2
58	50
58	10
58	14
58	30
58	7
58	45
58	10
58	11
58	15
58	18
58	37
58	14
58	62
58	4
58	53
58	29
58	10
58	15
58	17
58	62
58	53
58	10
58	28
58	5
58	19
58	14
58	50
59	11
59	16
59	5
59	39
59	16
59	13
59	41
59	3
59	36
59	12
59	15
59	15
59	13
59	37
59	12
59	47
59	3
59	62
59	32
59	12
59	16
59	16
59	51
59	42
59	15
59	25
59	3
59	13
59	12
59	53
60	14
60	14
60	3
60	38
60	14
60	11
60	34
60	2
60	46
60	13
60	11
60	18
60	15
60	44
60	11
60	69
60	3
60	75
60	34
60	11
60	11
60	14
60	53
60	50
60	13
60	33
60	3
60	15
60	10
60	54
61	10
61	12
61	3
61	41
61	10
61	12
61	25
61	5
61	45
61	8
61	14
61	18
61	13
61	37
61	14
61	82
61	3
61	74
61	32
61	14
61	12
61	10
61	46
61	55
61	15
61	25
61	3
61	12
61	15
61	55
62	13
62	11
62	5
62	50
62	17
62	11
62	33
62	5
62	58
62	16
62	15
62	14
62	13
62	55
62	13
62	60
62	4
62	74
62	30
62	12
62	19
62	17
62	51
62	54
62	12
62	28
62	5
62	12
62	13
62	58
63	12
63	15
63	2
63	41
63	15
63	20
63	46
63	7
63	50
63	17
63	11
63	14
63	19
63	40
63	12
63	62
63	3
63	63
63	37
63	12
63	8
63	12
63	47
63	51
63	13
63	20
63	2
63	16
63	12
63	46
64	9
64	16
64	3
64	49
64	11
64	19
64	36
64	4
64	54
64	13
64	11
64	17
64	12
64	59
64	14
64	64
64	5
64	42
64	38
64	11
64	10
64	13
64	51
64	46
64	17
64	25
64	3
64	14
64	11
64	56
65	13
65	16
65	3
65	47
65	18
65	28
65	27
65	7
65	42
65	9
65	12
65	18
65	10
65	58
65	13
65	66
65	2
65	58
65	32
65	12
65	8
65	11
65	53
65	58
65	15
65	24
65	3
65	14
65	14
65	67
66	14
66	19
66	3
66	43
66	15
66	24
66	27
66	6
66	44
66	8
66	11
66	18
66	13
66	44
66	14
66	46
66	3
66	67
66	31
66	13
66	13
66	13
66	54
66	49
66	15
66	34
66	4
66	12
66	14
66	56
67	13
67	12
67	4
67	59
67	13
67	18
67	28
67	4
67	42
67	12
67	13
67	13
67	20
67	45
67	10
67	37
67	3
67	64
67	27
67	15
67	11
67	16
67	49
67	41
67	10
67	22
67	3
67	13
67	12
67	54
68	15
68	13
68	2
68	62
68	12
68	18
68	26
68	6
68	35
68	12
68	13
68	20
68	8
68	43
68	12
68	43
68	3
68	69
68	41
68	19
68	10
68	14
68	51
68	59
68	10
68	20
68	4
68	15
68	12
68	57
69	9
69	11
69	4
69	46
69	17
69	24
69	25
69	5
69	41
69	11
69	13
69	14
69	16
69	52
69	11
69	54
69	5
69	57
69	29
69	15
69	11
69	12
69	49
69	48
69	13
69	27
69	3
69	16
69	15
69	45
70	15
70	16
70	2
70	47
70	12
70	26
70	34
70	7
70	47
70	12
70	14
70	16
70	14
70	57
70	15
70	50
70	2
70	50
70	32
70	10
70	12
70	12
70	47
70	52
70	12
70	31
70	6
70	14
70	14
70	53
71	12
71	17
71	4
71	44
71	14
71	26
71	29
71	9
71	44
71	14
71	14
71	18
71	12
71	48
71	13
71	57
71	5
71	48
71	32
71	15
71	12
71	13
71	50
71	47
71	12
71	30
71	6
71	11
71	10
71	59
72	17
72	12
72	3
72	65
72	9
72	25
72	38
72	24
72	46
72	12
72	14
72	13
72	13
72	46
72	11
72	63
72	11
72	55
72	46
72	13
72	10
72	16
72	50
72	42
72	14
72	29
72	2
72	13
72	14
72	57
73	11
73	17
73	5
73	44
73	10
73	30
73	27
73	39
73	49
73	8
73	10
73	14
73	13
73	59
73	19
73	63
73	11
73	47
73	38
73	13
73	16
73	14
73	53
73	45
73	10
73	28
73	3
73	11
73	10
73	67
74	13
74	14
74	5
74	47
74	13
74	22
74	39
74	34
74	44
74	11
74	11
74	18
74	13
74	51
74	10
74	55
74	13
74	52
74	53
74	9
74	19
74	17
74	58
74	55
74	19
74	31
74	4
74	20
74	14
74	50
75	15
75	23
75	7
75	51
75	11
75	16
75	33
75	32
75	51
75	11
75	13
75	14
75	10
75	52
75	14
75	52
75	14
75	50
75	45
75	14
75	11
75	11
75	50
75	50
75	10
75	25
75	7
75	14
75	15
75	46
76	11
76	12
76	12
76	47
76	10
76	27
76	26
76	45
76	41
76	9
76	10
76	15
76	14
76	43
76	14
76	72
76	13
76	52
76	61
76	16
76	11
76	13
76	52
76	62
76	11
76	34
76	8
76	13
76	15
76	61
77	14
77	17
77	11
77	65
77	11
77	29
77	32
77	45
77	53
77	10
77	12
77	18
77	16
77	45
77	13
77	70
77	10
77	46
77	71
77	15
77	17
77	12
77	52
77	46
77	18
77	29
77	8
77	11
77	12
77	45
78	15
78	13
78	10
78	72
78	14
78	26
78	28
78	43
78	40
78	17
78	16
78	14
78	13
78	56
78	12
78	53
78	10
78	55
78	55
78	12
78	14
78	13
78	51
78	57
78	15
78	30
78	6
78	12
78	13
78	50
79	12
79	15
79	15
79	60
79	14
79	29
79	34
79	40
79	36
79	13
79	13
79	25
79	11
79	64
79	14
79	58
79	14
79	50
79	48
79	17
79	10
79	15
79	59
79	73
79	10
79	30
79	7
79	15
79	13
79	47
80	15
80	15
80	19
80	60
80	11
80	26
80	31
80	46
80	60
80	10
80	13
80	27
80	12
80	59
80	10
80	47
80	12
80	58
80	56
80	13
80	13
80	14
80	58
80	73
80	28
80	30
80	11
80	11
80	12
80	62
81	11
81	13
81	18
81	67
81	11
81	32
81	46
81	43
81	56
81	14
81	11
81	30
81	12
81	51
81	11
81	45
81	12
81	59
81	58
81	15
81	12
81	12
81	54
81	50
81	39
81	45
81	8
81	12
81	12
81	54
82	9
82	17
82	16
82	54
82	13
82	36
82	36
82	43
82	46
82	14
82	11
82	26
82	13
82	50
82	11
82	51
82	13
82	45
82	55
82	13
82	19
82	13
82	54
82	69
82	34
82	43
82	7
82	13
82	9
82	56
83	11
83	17
83	11
83	78
83	10
83	19
83	36
83	32
83	64
83	12
83	13
83	39
83	12
83	43
83	13
83	49
83	16
83	49
83	57
83	13
83	12
83	14
83	50
83	54
83	32
83	25
83	11
83	9
83	7
83	50
84	17
84	12
84	17
84	46
84	13
84	16
84	36
84	53
84	57
84	15
84	9
84	37
84	15
84	51
84	9
84	49
84	18
84	52
84	55
84	15
84	11
84	14
84	46
84	59
84	31
84	41
84	6
84	11
84	13
84	44
85	12
85	12
85	16
85	55
85	8
85	12
85	41
85	44
85	73
85	10
85	11
85	27
85	15
85	62
85	11
85	41
85	12
85	43
85	73
85	13
85	12
85	11
85	48
85	79
85	62
85	42
85	24
85	10
85	8
85	57
86	11
86	13
86	12
86	69
86	16
86	14
86	38
86	46
86	65
86	15
86	10
86	36
86	15
86	53
86	17
86	56
86	13
86	55
86	74
86	15
86	16
86	10
86	55
86	54
86	40
86	35
86	37
86	10
86	12
86	50
87	15
87	11
87	14
87	65
87	10
87	10
87	42
87	27
87	95
87	13
87	10
87	38
87	15
87	46
87	14
87	81
87	12
87	50
87	44
87	14
87	11
87	9
87	55
87	77
87	39
87	29
87	22
87	18
87	14
87	49
88	10
88	14
88	17
88	84
88	13
88	22
88	42
88	46
88	63
88	12
88	12
88	50
88	13
88	52
88	14
88	77
88	10
88	46
88	53
88	17
88	7
88	10
88	62
88	68
88	45
88	32
88	46
88	10
88	13
88	58
89	12
89	13
89	16
89	54
89	14
89	19
89	37
89	40
89	66
89	9
89	12
89	34
89	12
89	63
89	9
89	68
89	18
89	43
89	54
89	12
89	10
89	13
89	50
89	68
89	43
89	39
89	43
89	14
89	15
89	41
90	10
90	13
90	17
90	90
90	22
90	25
90	46
90	41
90	64
90	8
90	19
90	33
90	12
90	74
90	11
90	81
90	16
90	48
90	67
90	13
90	7
90	11
90	44
90	70
90	47
90	30
90	44
90	20
90	16
90	50
91	12
91	19
91	20
91	85
91	15
91	21
91	53
91	34
91	60
91	11
91	13
91	34
91	19
91	63
91	10
91	58
91	15
91	43
91	51
91	16
91	10
91	17
91	52
91	81
91	41
91	33
91	32
91	13
91	14
91	57
92	7
92	14
92	19
92	64
92	13
92	32
92	39
92	28
92	76
92	9
92	14
92	44
92	16
92	58
92	12
92	67
92	10
92	50
92	83
92	11
92	11
92	16
92	61
92	73
92	41
92	43
92	24
92	12
92	17
92	43
93	12
93	17
93	10
93	79
93	7
93	40
93	49
93	33
93	71
93	11
93	19
93	54
93	20
93	48
93	12
93	54
93	12
93	48
93	48
93	11
93	8
93	14
93	47
93	85
93	47
93	34
93	54
93	16
93	14
93	41
94	13
94	16
94	20
94	46
94	11
94	48
94	33
94	32
94	89
94	16
94	10
94	36
94	13
94	62
94	15
94	45
94	13
94	54
94	54
94	13
94	11
94	12
94	47
94	73
94	48
94	34
94	47
94	11
94	13
94	45
95	11
95	14
95	16
95	61
95	15
95	31
95	40
95	31
95	63
95	14
95	9
95	34
95	19
95	63
95	9
95	44
95	15
95	64
95	56
95	14
95	10
95	15
95	71
95	45
95	44
95	49
95	44
95	10
95	19
95	49
96	10
96	18
96	13
96	45
96	17
96	30
96	29
96	29
96	76
96	9
96	12
96	45
96	21
96	50
96	10
96	72
96	13
96	42
96	49
96	9
96	12
96	10
96	49
96	67
96	36
96	37
96	48
96	12
96	13
96	52
97	9
97	12
97	16
97	82
97	15
97	27
97	34
97	42
97	49
97	8
97	11
97	45
97	15
97	53
97	11
97	45
97	14
97	67
97	57
97	15
97	11
97	9
97	51
97	70
97	54
97	39
97	42
97	16
97	9
97	41
98	11
98	13
98	18
98	93
98	12
98	33
98	30
98	38
98	63
98	10
98	9
98	40
98	34
98	48
98	13
98	44
98	14
98	64
98	43
98	13
98	18
98	15
98	50
98	71
98	40
98	41
98	57
98	13
98	11
98	50
99	16
99	16
99	21
99	55
99	12
99	41
99	36
99	37
99	59
99	17
99	9
99	61
99	46
99	47
99	12
99	63
99	10
99	61
99	86
99	20
99	9
99	13
99	51
99	84
99	45
99	32
99	51
99	12
99	10
99	50
100	11
100	12
100	23
100	71
100	8
100	25
100	36
100	42
100	55
100	15
100	16
100	36
100	50
100	55
100	18
100	55
100	12
100	30
100	65
100	26
100	11
100	12
100	56
100	63
100	33
100	35
100	35
100	13
100	14
100	46
101	14
101	16
101	17
101	82
101	14
101	30
101	33
101	44
101	90
101	14
101	13
101	46
101	55
101	54
101	14
101	51
101	10
101	51
101	52
101	32
101	9
101	14
101	61
101	65
101	50
101	34
101	41
101	15
101	12
101	50
102	10
102	15
102	17
102	60
102	10
102	22
102	31
102	32
102	53
102	18
102	12
102	56
102	50
102	63
102	14
102	56
102	12
102	46
102	69
102	26
102	12
102	12
102	62
102	86
102	44
102	27
102	43
102	11
102	9
102	49
103	11
103	12
103	15
103	97
103	11
103	33
103	47
103	29
103	62
103	10
103	14
103	50
103	50
103	53
103	15
103	46
103	14
103	64
103	71
103	28
103	12
103	13
103	45
103	70
103	46
103	44
103	30
103	9
103	16
103	53
104	11
104	13
104	15
104	96
104	11
104	31
104	40
104	32
104	40
104	12
104	13
104	52
104	53
104	48
104	12
104	47
104	17
104	56
104	62
104	30
104	14
104	16
104	56
104	71
104	48
104	33
104	27
104	12
104	15
104	57
105	9
105	14
105	14
105	58
105	13
105	34
105	44
105	37
105	54
105	10
105	19
105	61
105	53
105	53
105	11
105	45
105	13
105	45
105	33
105	20
105	7
105	20
105	56
105	72
105	50
105	54
105	45
105	15
105	11
105	52
106	13
106	15
106	10
106	69
106	15
106	42
106	32
106	45
106	58
106	14
106	12
106	66
106	49
106	49
106	13
106	46
106	12
106	61
106	49
106	29
106	13
106	12
106	52
106	80
106	53
106	37
106	43
106	14
106	16
106	53
107	14
107	15
107	13
107	62
107	17
107	26
107	47
107	69
107	75
107	13
107	11
107	61
107	64
107	53
107	13
107	54
107	14
107	48
107	58
107	31
107	13
107	11
107	53
107	82
107	54
107	37
107	33
107	11
107	11
107	47
108	11
108	13
108	17
108	65
108	15
108	26
108	23
108	58
108	76
108	10
108	12
108	65
108	63
108	50
108	11
108	43
108	13
108	55
108	55
108	27
108	9
108	10
108	68
108	72
108	45
108	34
108	32
108	10
108	14
108	50
109	13
109	14
109	17
109	81
109	13
109	31
109	36
109	37
109	58
109	15
109	12
109	43
109	47
109	57
109	11
109	54
109	9
109	48
109	56
109	28
109	10
109	11
109	65
109	71
109	45
109	32
109	51
109	18
109	15
109	59
110	12
110	15
110	26
110	56
110	13
110	33
110	51
110	38
110	53
110	11
110	15
110	56
110	54
110	57
110	18
110	65
110	9
110	52
110	53
110	20
110	17
110	19
110	79
110	87
110	43
110	37
110	43
110	14
110	11
110	67
111	12
111	15
111	14
111	70
111	12
111	31
111	47
111	69
111	79
111	16
111	12
111	63
111	52
111	46
111	16
111	51
111	15
111	51
111	52
111	36
111	13
111	10
111	75
111	55
111	44
111	29
111	35
111	12
111	10
111	41
112	17
112	18
112	19
112	53
112	17
112	25
112	43
112	77
112	42
112	13
112	17
112	68
112	59
112	60
112	14
112	48
112	13
112	62
112	42
112	33
112	11
112	10
112	67
112	75
112	51
112	36
112	43
112	14
112	12
112	49
113	12
113	16
113	14
113	58
113	20
113	29
113	31
113	64
113	57
113	14
113	12
113	74
113	55
113	42
113	14
113	47
113	10
113	47
113	52
113	31
113	10
113	13
113	61
113	70
113	43
113	43
113	30
113	13
113	13
113	50
114	14
114	16
114	19
114	67
114	14
114	27
114	37
114	66
114	56
114	12
114	15
114	82
114	58
114	42
114	12
114	47
114	12
114	48
114	59
114	21
114	10
114	13
114	57
114	76
114	50
114	42
114	36
114	14
114	11
114	66
115	15
115	13
115	23
115	70
115	21
115	28
115	42
115	76
115	64
115	12
115	13
115	61
115	45
115	53
115	16
115	46
115	14
115	50
115	50
115	20
115	15
115	13
115	74
115	83
115	56
115	48
115	52
115	15
115	13
115	49
116	14
116	11
116	19
116	60
116	8
116	32
116	51
116	77
116	59
116	8
116	15
116	60
116	55
116	48
116	12
116	57
116	9
116	53
116	50
116	25
116	13
116	14
116	74
116	88
116	49
116	50
116	55
116	11
116	10
116	44
117	15
117	16
117	23
117	70
117	13
117	20
117	50
117	79
117	62
117	19
117	9
117	71
117	51
117	41
117	11
117	48
117	13
117	55
117	61
117	31
117	13
117	11
117	74
117	75
117	55
117	43
117	30
117	11
117	15
117	48
118	13
118	13
118	15
118	76
118	9
118	28
118	41
118	62
118	54
118	11
118	11
118	53
118	47
118	59
118	11
118	62
118	10
118	74
118	53
118	23
118	11
118	13
118	69
118	80
118	54
118	33
118	52
118	12
118	11
118	48
119	11
119	16
119	26
119	68
119	12
119	24
119	48
119	71
119	76
119	14
119	9
119	63
119	57
119	44
119	13
119	48
119	12
119	36
119	43
119	41
119	10
119	11
119	70
119	74
119	49
119	49
119	51
119	11
119	10
119	44
120	15
120	20
120	46
120	80
120	8
120	24
120	41
120	63
120	48
120	13
120	14
120	58
120	51
120	35
120	15
120	47
120	12
120	50
120	57
120	21
120	9
120	12
120	59
120	76
120	59
120	47
120	45
120	14
120	13
120	54
121	12
121	15
121	38
121	75
121	10
121	34
121	37
121	58
121	45
121	12
121	12
121	62
121	42
121	37
121	16
121	57
121	12
121	53
121	44
121	28
121	9
121	14
121	49
121	82
121	45
121	54
121	57
121	14
121	13
121	55
122	14
122	15
122	38
122	73
122	10
122	32
122	44
122	59
122	24
122	11
122	11
122	45
122	50
122	45
122	12
122	47
122	13
122	50
122	49
122	17
122	13
122	13
122	54
122	73
122	47
122	45
122	31
122	17
122	12
122	47
123	16
123	21
123	37
123	70
123	10
123	50
123	39
123	65
123	31
123	15
123	13
123	64
123	55
123	39
123	11
123	48
123	12
123	50
123	59
123	35
123	14
123	14
123	66
123	75
123	43
123	45
123	44
123	19
123	10
123	48
124	9
124	14
124	43
124	74
124	14
124	47
124	47
124	71
124	41
124	12
124	11
124	57
124	48
124	49
124	12
124	56
124	12
124	43
124	56
124	28
124	10
124	15
124	49
124	76
124	41
124	36
124	32
124	20
124	12
124	53
125	14
125	15
125	45
125	62
125	11
125	50
125	45
125	65
125	34
125	12
125	11
125	68
125	51
125	48
125	12
125	56
125	12
125	59
125	70
125	31
125	10
125	12
125	39
125	63
125	51
125	50
125	45
125	17
125	12
125	54
126	13
126	13
126	46
126	63
126	15
126	50
126	49
126	69
126	56
126	13
126	11
126	59
126	54
126	52
126	10
126	56
126	14
126	58
126	57
126	25
126	11
126	11
126	35
126	76
126	51
126	58
126	41
126	14
126	8
126	52
127	12
127	16
127	61
127	63
127	10
127	39
127	45
127	60
127	38
127	12
127	15
127	61
127	50
127	37
127	11
127	54
127	18
127	55
127	53
127	34
127	15
127	11
127	28
127	64
127	54
127	44
127	49
127	11
127	10
127	48
128	17
128	17
128	35
128	76
128	11
128	47
128	45
128	62
128	70
128	7
128	11
128	58
128	54
128	50
128	10
128	53
128	10
128	57
128	53
128	29
128	15
128	10
128	40
128	69
128	54
128	47
128	36
128	8
128	13
128	53
129	12
129	17
129	48
129	88
129	14
129	50
129	42
129	71
129	58
129	7
129	9
129	66
129	57
129	46
129	11
129	53
129	11
129	52
129	47
129	19
129	12
129	13
129	35
129	64
129	44
129	41
129	62
129	9
129	13
129	48
130	12
130	16
130	51
130	67
130	14
130	56
130	46
130	62
130	49
130	14
130	16
130	60
130	56
130	49
130	13
130	45
130	11
130	51
130	66
130	46
130	14
130	22
130	38
130	67
130	46
130	37
130	54
130	9
130	10
130	47
131	13
131	15
131	50
131	63
131	14
131	60
131	48
131	74
131	46
131	9
131	12
131	59
131	55
131	46
131	16
131	43
131	10
131	56
131	62
131	29
131	14
131	11
131	47
131	56
131	50
131	44
131	45
131	11
131	18
131	47
132	16
132	14
132	67
132	75
132	12
132	48
132	54
132	75
132	43
132	11
132	12
132	73
132	58
132	48
132	14
132	53
132	17
132	65
132	68
132	23
132	9
132	14
132	48
132	54
132	62
132	41
132	41
132	11
132	14
132	49
133	14
133	18
133	43
133	50
133	14
133	54
133	49
133	66
133	43
133	14
133	13
133	61
133	54
133	39
133	13
133	45
133	16
133	51
133	59
133	29
133	9
133	12
133	55
133	64
133	57
133	51
133	39
133	14
133	16
133	30
134	11
134	15
134	63
134	94
134	12
134	57
134	47
134	65
134	44
134	11
134	16
134	53
134	51
134	54
134	14
134	83
134	11
134	53
134	60
134	40
134	11
134	14
134	49
134	72
134	52
134	34
134	44
134	20
134	14
134	53
135	10
135	14
135	41
135	56
135	18
135	82
135	40
135	64
135	55
135	13
135	15
135	63
135	54
135	44
135	16
135	53
135	15
135	42
135	54
135	33
135	10
135	11
135	49
135	55
135	111
135	43
135	53
135	15
135	10
135	51
136	16
136	16
136	73
136	76
136	12
136	75
136	47
136	62
136	35
136	13
136	12
136	35
136	57
136	32
136	15
136	54
136	10
136	56
136	48
136	28
136	12
136	16
136	43
136	62
136	62
136	46
136	42
136	10
136	16
136	42
137	9
137	16
137	34
137	70
137	14
137	73
137	48
137	61
137	56
137	10
137	9
137	50
137	85
137	43
137	11
137	49
137	11
137	56
137	70
137	45
137	13
137	12
137	45
137	80
137	46
137	42
137	44
137	11
137	18
137	51
138	21
138	20
138	55
138	80
138	12
138	62
138	46
138	56
138	51
138	11
138	13
138	54
138	51
138	43
138	9
138	53
138	14
138	45
138	54
138	37
138	10
138	14
138	36
138	48
138	43
138	54
138	37
138	13
138	13
138	49
139	13
139	13
139	64
139	71
139	15
139	68
139	54
139	57
139	48
139	17
139	12
139	38
139	49
139	48
139	12
139	51
139	10
139	60
139	50
139	48
139	11
139	15
139	50
139	66
139	76
139	44
139	42
139	14
139	37
139	48
140	13
140	18
140	58
140	86
140	16
140	81
140	43
140	65
140	40
140	12
140	13
140	39
140	54
140	42
140	11
140	90
140	12
140	54
140	61
140	38
140	14
140	13
140	54
140	63
140	52
140	57
140	43
140	11
140	33
140	56
141	12
141	16
141	57
141	70
141	11
141	66
141	45
141	55
141	42
141	17
141	9
141	36
141	52
141	49
141	15
141	53
141	19
141	47
141	49
141	58
141	13
141	9
141	41
141	61
141	50
141	43
141	57
141	11
141	48
141	58
142	15
142	12
142	23
142	70
142	15
142	68
142	48
142	65
142	50
142	12
142	13
142	46
142	76
142	37
142	11
142	48
142	12
142	49
142	61
142	49
142	14
142	11
142	45
142	54
142	59
142	41
142	50
142	18
142	46
142	51
143	12
143	13
143	36
143	78
143	17
143	64
143	37
143	55
143	53
143	13
143	12
143	49
143	65
143	46
143	14
143	51
143	10
143	42
143	67
143	46
143	11
143	13
143	53
143	32
143	59
143	40
143	38
143	13
143	34
143	42
144	14
144	16
144	38
144	76
144	15
144	60
144	48
144	61
144	39
144	10
144	20
144	46
144	67
144	34
144	13
144	46
144	8
144	63
144	74
144	50
144	13
144	12
144	45
144	64
144	55
144	43
144	44
144	12
144	41
144	56
145	11
145	19
145	59
145	78
145	14
145	70
145	46
145	66
145	45
145	10
145	13
145	46
145	67
145	44
145	10
145	44
145	11
145	43
145	69
145	50
145	12
145	13
145	49
145	47
145	61
145	40
145	49
145	13
145	44
145	51
146	9
146	17
146	67
146	75
146	15
146	68
146	39
146	74
146	39
146	15
146	14
146	54
146	49
146	39
146	14
146	53
146	12
146	50
146	51
146	50
146	10
146	12
146	44
146	76
146	56
146	47
146	52
146	17
146	53
146	63
147	12
147	16
147	67
147	68
147	15
147	71
147	54
147	78
147	41
147	18
147	12
147	82
147	55
147	60
147	11
147	49
147	13
147	50
147	48
147	51
147	12
147	12
147	60
147	70
147	49
147	38
147	32
147	24
147	52
147	48
148	12
148	14
148	54
148	46
148	10
148	74
148	41
148	65
148	42
148	13
148	14
148	58
148	53
148	55
148	13
148	50
148	14
148	43
148	52
148	52
148	14
148	17
148	40
148	75
148	61
148	38
148	38
148	12
148	52
148	53
149	13
149	20
149	83
149	77
149	15
149	71
149	39
149	66
149	43
149	11
149	13
149	102
149	50
149	44
149	13
149	53
149	10
149	47
149	59
149	43
149	12
149	13
149	52
149	65
149	49
149	61
149	40
149	13
149	39
149	49
150	10
150	14
150	66
150	68
150	13
150	74
150	48
150	78
150	43
150	11
150	19
150	53
150	41
150	47
150	15
150	57
150	11
150	52
150	49
150	33
150	12
150	9
150	46
150	55
150	53
150	54
150	44
150	11
150	41
150	45
151	11
151	14
151	68
151	44
151	11
151	67
151	59
151	66
151	47
151	14
151	16
151	69
151	66
151	49
151	17
151	58
151	13
151	52
151	64
151	48
151	13
151	11
151	54
151	58
151	91
151	54
151	54
151	11
151	48
151	52
152	11
152	15
152	65
152	59
152	10
152	76
152	45
152	48
152	43
152	12
152	15
152	42
152	44
152	58
152	11
152	50
152	13
152	45
152	55
152	51
152	11
152	10
152	49
152	41
152	71
152	50
152	43
152	10
152	64
152	50
153	16
153	16
153	70
153	76
153	12
153	67
153	50
153	50
153	43
153	16
153	16
153	63
153	51
153	45
153	10
153	48
153	14
153	60
153	56
153	48
153	14
153	16
153	56
153	36
153	67
153	36
153	44
153	9
153	48
153	45
154	20
154	21
154	71
154	55
154	14
154	71
154	43
154	56
154	34
154	12
154	22
154	35
154	42
154	56
154	11
154	52
154	12
154	50
154	53
154	45
154	16
154	10
154	58
154	47
154	85
154	48
154	55
154	12
154	49
154	53
155	11
155	15
155	68
155	55
155	12
155	97
155	54
155	74
155	54
155	13
155	46
155	65
155	66
155	54
155	17
155	50
155	11
155	59
155	53
155	42
155	16
155	17
155	51
155	58
155	61
155	47
155	48
155	10
155	56
155	46
156	14
156	12
156	61
156	75
156	11
156	66
156	38
156	63
156	42
156	12
156	46
156	51
156	58
156	49
156	12
156	43
156	13
156	54
156	47
156	58
156	18
156	12
156	52
156	42
156	69
156	46
156	48
156	14
156	53
156	47
157	9
157	12
157	58
157	67
157	14
157	74
157	46
157	62
157	46
157	15
157	43
157	52
157	79
157	50
157	12
157	47
157	14
157	58
157	54
157	45
157	11
157	12
157	54
157	65
157	76
157	40
157	44
157	12
157	56
157	44
158	14
158	16
158	72
158	72
158	12
158	73
158	46
158	74
158	47
158	13
158	46
158	60
158	66
158	51
158	14
158	44
158	14
158	51
158	83
158	41
158	10
158	12
158	53
158	52
158	63
158	52
158	44
158	16
158	50
158	43
159	14
159	13
159	44
159	61
159	12
159	65
159	50
159	72
159	54
159	13
159	40
159	59
159	58
159	42
159	15
159	55
159	13
159	49
159	43
159	57
159	12
159	12
159	52
159	62
159	76
159	39
159	27
159	15
159	49
159	45
160	14
160	16
160	56
160	48
160	11
160	69
160	49
160	58
160	35
160	10
160	24
160	50
160	69
160	61
160	15
160	55
160	13
160	54
160	58
160	38
160	17
160	14
160	47
160	43
160	61
160	48
160	45
160	13
160	60
160	50
161	13
161	19
161	71
161	48
161	15
161	61
161	51
161	65
161	42
161	14
161	44
161	40
161	69
161	48
161	11
161	50
161	10
161	53
161	55
161	49
161	11
161	13
161	56
161	47
161	88
161	40
161	40
161	12
161	58
161	40
162	13
162	16
162	61
162	35
162	16
162	63
162	45
162	73
162	52
162	13
162	11
162	55
162	45
162	71
162	15
162	49
162	13
162	55
162	68
162	45
162	13
162	14
162	54
162	62
162	61
162	37
162	38
162	13
162	57
162	41
163	13
163	15
163	68
163	58
163	10
163	72
163	64
163	62
163	45
163	12
163	32
163	64
163	54
163	48
163	10
163	56
163	11
163	51
163	54
163	40
163	10
163	11
163	51
163	59
163	78
163	43
163	44
163	11
163	48
163	44
164	13
164	20
164	81
164	49
164	13
164	70
164	45
164	68
164	45
164	10
164	35
164	108
164	60
164	55
164	16
164	53
164	13
164	51
164	56
164	52
164	15
164	12
164	49
164	53
164	63
164	48
164	47
164	11
164	52
164	44
165	14
165	11
165	66
165	39
165	13
165	69
165	26
165	78
165	50
165	11
165	41
165	54
165	67
165	52
165	14
165	46
165	12
165	55
165	51
165	46
165	16
165	15
165	54
165	40
165	78
165	87
165	32
165	12
165	61
165	43
166	9
166	16
166	43
166	64
166	16
166	68
166	38
166	72
166	54
166	11
166	42
166	42
166	53
166	50
166	12
166	49
166	14
166	48
166	56
166	40
166	9
166	13
166	63
166	55
166	57
166	49
166	61
166	9
166	48
166	54
167	13
167	12
167	54
167	62
167	9
167	66
167	45
167	71
167	54
167	14
167	48
167	48
167	55
167	46
167	13
167	49
167	18
167	42
167	49
167	53
167	14
167	12
167	62
167	47
167	73
167	52
167	33
167	11
167	60
167	44
168	10
168	14
168	23
168	79
168	10
168	72
168	43
168	75
168	40
168	15
168	27
168	51
168	50
168	35
168	10
168	51
168	11
168	51
168	55
168	62
168	12
168	11
168	53
168	48
168	51
168	49
168	31
168	13
168	46
168	48
169	13
169	17
169	73
169	50
169	12
169	75
169	43
169	70
169	54
169	9
169	13
169	51
169	54
169	62
169	17
169	56
169	11
169	53
169	54
169	45
169	13
169	11
169	62
169	91
169	64
169	41
169	49
169	12
169	51
169	50
170	14
170	12
170	58
170	67
170	13
170	69
170	49
170	71
170	43
170	11
170	17
170	64
170	58
170	57
170	12
170	49
170	11
170	58
170	48
170	39
170	15
170	14
170	54
170	75
170	67
170	51
170	54
170	13
170	59
170	51
171	14
171	22
171	67
171	77
171	11
171	71
171	44
171	45
171	49
171	13
171	29
171	60
171	67
171	53
171	9
171	50
171	11
171	62
171	50
171	60
171	14
171	11
171	63
171	64
171	86
171	60
171	31
171	9
171	54
171	43
172	11
172	16
172	47
172	64
172	14
172	69
172	50
172	48
172	40
172	10
172	40
172	60
172	53
172	57
172	11
172	51
172	14
172	64
172	51
172	37
172	11
172	14
172	58
172	61
172	59
172	51
172	42
172	9
172	51
172	52
173	12
173	15
173	69
173	70
173	14
173	73
173	53
173	69
173	55
173	11
173	16
173	61
173	46
173	52
173	11
173	57
173	13
173	50
173	54
173	48
173	9
173	13
173	55
173	47
173	58
173	37
173	46
173	12
173	50
173	46
174	11
174	10
174	70
174	68
174	9
174	76
174	44
174	69
174	53
174	10
174	44
174	59
174	49
174	50
174	12
174	59
174	16
174	51
174	40
174	51
174	12
174	10
174	45
174	52
174	53
174	48
174	57
174	10
174	54
174	51
175	14
175	16
175	76
175	67
175	12
175	64
175	43
175	67
175	53
175	10
175	17
175	52
175	45
175	56
175	12
175	36
175	15
175	59
175	48
175	44
175	15
175	16
175	51
175	72
175	54
175	34
175	43
175	12
175	48
175	42
176	12
176	20
176	62
176	64
176	11
176	75
176	43
176	76
176	57
176	13
176	54
176	57
176	50
176	55
176	14
176	52
176	10
176	45
176	44
176	46
176	14
176	11
176	75
176	47
176	48
176	57
176	43
176	13
176	54
176	52
177	12
177	14
177	63
177	68
177	12
177	69
177	56
177	72
177	44
177	15
177	36
177	47
177	57
177	53
177	11
177	57
177	18
177	56
177	66
177	39
177	10
177	13
177	61
177	65
177	42
177	45
177	47
177	16
177	45
177	48
178	10
178	23
178	74
178	60
178	13
178	60
178	52
178	73
178	48
178	12
178	40
178	68
178	61
178	54
178	13
178	54
178	13
178	59
178	52
178	51
178	7
178	12
178	51
178	41
178	44
178	38
178	48
178	15
178	60
178	46
179	12
179	21
179	77
179	68
179	13
179	70
179	47
179	84
179	54
179	17
179	29
179	61
179	48
179	50
179	11
179	51
179	11
179	64
179	51
179	50
179	11
179	15
179	45
179	61
179	43
179	44
179	40
179	16
179	58
179	55
180	9
180	20
180	71
180	70
180	13
180	81
180	39
180	81
180	51
180	14
180	39
180	50
180	46
180	52
180	12
180	59
180	12
180	45
180	45
180	39
180	14
180	16
180	51
180	53
180	52
180	53
180	53
180	15
180	40
180	51
181	10
181	21
181	65
181	72
181	19
181	64
181	39
181	76
181	39
181	15
181	42
181	70
181	52
181	45
181	13
181	49
181	12
181	65
181	63
181	56
181	8
181	11
181	44
181	80
181	62
181	48
181	43
181	13
181	51
181	44
182	13
182	19
182	78
182	66
182	11
182	68
182	50
182	64
182	41
182	13
182	30
182	65
182	62
182	46
182	9
182	54
182	17
182	87
182	55
182	42
182	9
182	15
182	59
182	59
182	56
182	47
182	42
182	16
182	45
182	56
183	10
183	20
183	45
183	71
183	11
183	87
183	37
183	83
183	45
183	13
183	31
183	51
183	54
183	56
183	10
183	54
183	13
183	76
183	49
183	62
183	8
183	13
183	51
183	72
183	52
183	45
183	35
183	10
183	51
183	60
184	13
184	22
184	57
184	66
184	10
184	64
184	51
184	66
184	63
184	11
184	20
184	60
184	55
184	50
184	12
184	53
184	9
184	53
184	46
184	38
184	14
184	9
184	56
184	60
184	51
184	45
184	25
184	16
184	51
184	64
185	14
185	40
185	63
185	75
185	18
185	67
185	37
185	77
185	50
185	16
185	33
185	77
185	51
185	47
185	12
185	45
185	11
185	43
185	49
185	46
185	12
185	12
185	46
185	62
185	54
185	44
185	39
185	16
185	60
185	77
186	20
186	33
186	62
186	69
186	14
186	81
186	41
186	82
186	52
186	30
186	34
186	70
186	53
186	50
186	13
186	39
186	14
186	65
186	40
186	52
186	15
186	13
186	70
186	71
186	50
186	42
186	48
186	16
186	58
186	74
187	10
187	36
187	65
187	53
187	10
187	78
187	39
187	67
187	37
187	47
187	33
187	54
187	64
187	51
187	13
187	49
187	12
187	78
187	51
187	54
187	13
187	14
187	50
187	80
187	49
187	47
187	37
187	13
187	44
187	79
188	17
188	22
188	74
188	78
188	13
188	71
188	52
188	65
188	44
188	34
188	31
188	60
188	53
188	47
188	13
188	53
188	10
188	64
188	59
188	42
188	13
188	16
188	48
188	48
188	42
188	49
188	35
188	11
188	79
188	39
189	10
189	44
189	46
189	79
189	11
189	63
189	41
189	84
189	51
189	47
189	49
189	72
189	58
189	46
189	13
189	55
189	9
189	73
189	44
189	53
189	12
189	11
189	58
189	51
189	54
189	40
189	32
189	13
189	58
189	50
190	13
190	50
190	56
190	71
190	12
190	69
190	42
190	75
190	43
190	45
190	48
190	64
190	45
190	49
190	11
190	51
190	12
190	72
190	50
190	51
190	11
190	14
190	43
190	61
190	46
190	42
190	46
190	18
190	51
190	68
191	11
191	42
191	70
191	70
191	12
191	74
191	31
191	76
191	49
191	39
191	44
191	44
191	45
191	51
191	14
191	46
191	14
191	70
191	52
191	56
191	15
191	15
191	55
191	42
191	46
191	57
191	42
191	14
191	54
191	77
192	11
192	41
192	61
192	71
192	13
192	74
192	25
192	62
192	45
192	38
192	43
192	48
192	56
192	54
192	12
192	45
192	13
192	55
192	48
192	51
192	15
192	13
192	58
192	54
192	56
192	43
192	46
192	16
192	48
192	76
193	10
193	38
193	75
193	65
193	12
193	65
193	43
193	58
193	45
193	59
193	47
193	51
193	51
193	45
193	13
193	66
193	14
193	79
193	51
193	42
193	16
193	12
193	47
193	48
193	55
193	40
193	29
193	15
193	67
193	65
194	12
194	54
194	58
194	50
194	7
194	69
194	31
194	77
194	40
194	51
194	37
194	73
194	58
194	40
194	20
194	76
194	12
194	69
194	60
194	50
194	13
194	15
194	49
194	68
194	50
194	56
194	47
194	14
194	63
194	65
195	11
195	45
195	50
195	64
195	10
195	65
195	63
195	59
195	48
195	42
195	56
195	66
195	52
195	42
195	22
195	55
195	12
195	61
195	43
195	60
195	13
195	14
195	66
195	53
195	58
195	50
195	37
195	12
195	62
195	59
196	12
196	48
196	68
196	53
196	14
196	69
196	50
196	77
196	51
196	42
196	35
196	59
196	58
196	49
196	55
196	49
196	16
196	57
196	55
196	45
196	20
196	14
196	58
196	47
196	45
196	50
196	44
196	12
196	68
196	63
197	15
197	46
197	67
197	64
197	11
197	73
197	52
197	57
197	67
197	46
197	42
197	69
197	47
197	48
197	51
197	54
197	14
197	59
197	54
197	42
197	18
197	11
197	57
197	46
197	48
197	51
197	42
197	12
197	73
197	67
198	16
198	41
198	69
198	68
198	11
198	66
198	45
198	66
198	59
198	47
198	49
198	47
198	55
198	49
198	47
198	47
198	11
198	63
198	52
198	47
198	11
198	11
198	51
198	60
198	48
198	42
198	41
198	12
198	63
198	58
199	11
199	42
199	63
199	68
199	11
199	58
199	54
199	69
199	41
199	35
199	46
199	29
199	58
199	49
199	48
199	39
199	25
199	48
199	54
199	49
199	10
199	10
199	52
199	58
199	55
199	36
199	40
199	13
199	53
199	63
200	16
200	36
200	74
200	58
200	19
200	72
200	51
200	81
200	50
200	40
200	50
200	44
200	50
200	56
200	41
200	55
200	34
200	64
200	57
200	48
200	9
200	14
200	43
200	64
200	44
200	55
200	36
200	13
200	53
200	62
201	10
201	39
201	71
201	76
201	12
201	76
201	48
201	78
201	63
201	40
201	35
201	37
201	54
201	58
201	27
201	42
201	47
201	54
201	48
201	57
201	9
201	12
201	46
201	65
201	59
201	50
201	48
201	13
201	53
201	77
202	12
202	35
202	84
202	66
202	11
202	66
202	46
202	78
202	75
202	46
202	41
202	55
202	46
202	56
202	38
202	51
202	53
202	49
202	41
202	49
202	9
202	13
202	39
202	74
202	60
202	60
202	43
202	12
202	53
202	64
203	11
203	34
203	75
203	75
203	15
203	74
203	44
203	63
203	84
203	36
203	28
203	57
203	52
203	59
203	38
203	46
203	48
203	51
203	60
203	44
203	13
203	12
203	49
203	74
203	46
203	49
203	38
203	17
203	63
203	62
204	13
204	45
204	64
204	73
204	15
204	67
204	51
204	62
204	72
204	45
204	66
204	63
204	51
204	53
204	32
204	53
204	54
204	52
204	54
204	43
204	6
204	14
204	55
204	85
204	54
204	44
204	62
204	19
204	71
204	43
205	11
205	46
205	45
205	67
205	12
205	73
205	45
205	38
205	65
205	56
205	46
205	84
205	49
205	51
205	40
205	48
205	53
205	50
205	58
205	49
205	11
205	11
205	46
205	79
205	52
205	52
205	55
205	12
205	76
205	84
206	12
206	40
206	66
206	73
206	13
206	78
206	49
206	65
206	88
206	48
206	21
206	64
206	55
206	60
206	37
206	51
206	51
206	49
206	56
206	45
206	10
206	12
206	49
206	64
206	46
206	46
206	62
206	14
206	71
206	67
207	9
207	44
207	66
207	74
207	15
207	80
207	44
207	33
207	77
207	60
207	40
207	76
207	42
207	54
207	40
207	48
207	58
207	49
207	43
207	44
207	9
207	12
207	51
207	82
207	57
207	51
207	60
207	11
207	57
207	63
208	16
208	52
208	63
208	71
208	20
208	74
208	49
208	73
208	80
208	69
208	51
208	72
208	55
208	58
208	41
208	50
208	53
208	44
208	60
208	62
208	11
208	10
208	46
208	62
208	54
208	32
208	66
208	15
208	62
208	84
209	15
209	50
209	67
209	72
209	12
209	73
209	51
209	72
209	91
209	56
209	36
209	37
209	61
209	50
209	38
209	50
209	49
209	47
209	49
209	41
209	11
209	18
209	62
209	90
209	40
209	47
209	47
209	11
209	67
209	70
210	11
210	57
210	61
210	59
210	13
210	79
210	51
210	90
210	80
210	79
210	46
210	69
210	55
210	47
210	35
210	66
210	55
210	54
210	55
210	54
210	11
210	12
210	54
210	79
210	46
210	41
210	62
210	12
210	78
210	79
211	15
211	55
211	57
211	29
211	9
211	67
211	62
211	63
211	53
211	75
211	38
211	64
211	56
211	48
211	41
211	45
211	46
211	56
211	47
211	53
211	12
211	15
211	48
211	78
211	53
211	50
211	54
211	10
211	46
211	64
212	11
212	46
212	67
212	69
212	16
212	73
212	51
212	77
212	69
212	64
212	40
212	49
212	52
212	53
212	39
212	49
212	51
212	47
212	56
212	46
212	13
212	10
212	50
212	79
212	53
212	46
212	44
212	10
212	46
212	62
213	10
213	51
213	47
213	79
213	10
213	70
213	57
213	75
213	73
213	78
213	25
213	56
213	51
213	54
213	38
213	50
213	46
213	45
213	62
213	46
213	13
213	13
213	51
213	76
213	48
213	47
213	46
213	8
213	59
213	63
214	11
214	53
214	36
214	81
214	10
214	69
214	50
214	71
214	72
214	74
214	36
214	62
214	57
214	45
214	49
214	45
214	44
214	44
214	50
214	48
214	10
214	13
214	54
214	78
214	50
214	45
214	69
214	12
214	44
214	50
215	13
215	43
215	72
215	71
215	10
215	56
215	45
215	72
215	79
215	68
215	36
215	63
215	50
215	44
215	44
215	41
215	51
215	49
215	51
215	46
215	18
215	10
215	49
215	64
215	53
215	45
215	58
215	14
215	45
215	56
216	13
216	48
216	55
216	67
216	11
216	73
216	58
216	62
216	72
216	70
216	43
216	61
216	49
216	49
216	36
216	46
216	50
216	48
216	54
216	45
216	19
216	10
216	46
216	77
216	57
216	51
216	53
216	17
216	61
216	56
217	13
217	54
217	84
217	71
217	11
217	68
217	56
217	51
217	78
217	80
217	39
217	52
217	58
217	49
217	46
217	53
217	42
217	56
217	53
217	46
217	16
217	10
217	58
217	77
217	55
217	50
217	60
217	11
217	55
217	55
218	16
218	41
218	69
218	87
218	16
218	66
218	47
218	56
218	56
218	56
218	45
218	74
218	55
218	59
218	43
218	46
218	51
218	49
218	52
218	41
218	21
218	10
218	61
218	71
218	59
218	57
218	55
218	9
218	51
218	71
219	9
219	51
219	50
219	89
219	17
219	72
219	51
219	74
219	61
219	66
219	38
219	66
219	48
219	51
219	51
219	53
219	45
219	62
219	55
219	49
219	15
219	14
219	64
219	69
219	45
219	60
219	68
219	14
219	56
219	82
220	11
220	64
220	13
220	46
220	25
220	65
220	56
220	62
220	71
220	67
220	26
220	66
220	62
220	43
220	40
220	53
220	46
220	52
220	51
220	42
220	11
220	13
220	44
220	76
220	55
220	52
220	61
220	18
220	44
220	67
221	9
221	58
221	63
221	75
221	10
221	69
221	54
221	76
221	77
221	72
221	47
221	80
221	62
221	58
221	49
221	46
221	50
221	46
221	57
221	68
221	11
221	10
221	57
221	76
221	59
221	57
221	50
221	15
221	56
221	57
222	11
222	65
222	65
222	85
222	19
222	69
222	59
222	71
222	64
222	76
222	35
222	68
222	60
222	46
222	48
222	50
222	41
222	63
222	57
222	47
222	10
222	14
222	56
222	59
222	54
222	44
222	53
222	14
222	50
222	55
223	14
223	47
223	61
223	83
223	28
223	72
223	52
223	76
223	74
223	61
223	36
223	52
223	53
223	71
223	30
223	49
223	46
223	52
223	51
223	44
223	15
223	13
223	58
223	84
223	48
223	54
223	40
223	16
223	54
223	46
224	13
224	61
224	43
224	82
224	35
224	71
224	55
224	76
224	70
224	71
224	53
224	67
224	49
224	74
224	36
224	49
224	59
224	47
224	53
224	46
224	12
224	14
224	41
224	62
224	53
224	57
224	38
224	13
224	55
224	55
225	16
225	56
225	62
225	70
225	32
225	73
225	51
225	65
225	77
225	71
225	43
225	60
225	54
225	87
225	52
225	51
225	57
225	57
225	49
225	42
225	16
225	16
225	51
225	70
225	56
225	52
225	53
225	10
225	52
225	52
226	11
226	56
226	72
226	85
226	23
226	74
226	60
226	43
226	63
226	31
226	40
226	66
226	76
226	58
226	33
226	58
226	51
226	54
226	48
226	52
226	13
226	13
226	59
226	74
226	56
226	48
226	74
226	15
226	61
226	62
227	12
227	43
227	67
227	72
227	34
227	76
227	54
227	66
227	75
227	75
227	42
227	55
227	74
227	65
227	43
227	51
227	54
227	48
227	54
227	45
227	13
227	11
227	55
227	87
227	39
227	39
227	72
227	11
227	57
227	75
228	12
228	42
228	79
228	67
228	53
228	70
228	51
228	70
228	92
228	65
228	44
228	49
228	67
228	57
228	32
228	51
228	50
228	55
228	55
228	45
228	12
228	13
228	56
228	64
228	43
228	60
228	85
228	10
228	57
228	62
229	17
229	46
229	69
229	80
229	39
229	68
229	50
229	71
229	76
229	60
229	36
229	58
229	71
229	59
229	27
229	46
229	42
229	59
229	59
229	48
229	13
229	15
229	59
229	56
229	48
229	44
229	79
229	13
229	100
229	54
230	10
230	47
230	69
230	60
230	47
230	72
230	50
230	60
230	63
230	39
230	38
230	66
230	69
230	44
230	38
230	61
230	51
230	47
230	53
230	45
230	12
230	11
230	49
230	78
230	45
230	45
230	74
230	12
230	70
230	42
231	20
231	60
231	72
231	59
231	44
231	82
231	60
231	63
231	66
231	57
231	39
231	60
231	54
231	47
231	50
231	52
231	56
231	47
231	55
231	37
231	12
231	13
231	51
231	76
231	45
231	46
231	72
231	14
231	66
231	59
232	12
232	62
232	62
232	65
232	32
232	77
232	53
232	73
232	59
232	72
232	39
232	50
232	56
232	48
232	47
232	50
232	50
232	47
232	58
232	43
232	19
232	10
232	53
232	85
232	47
232	68
232	68
232	14
232	72
232	70
233	12
233	54
233	73
233	37
233	39
233	51
233	54
233	75
233	67
233	48
233	43
233	53
233	65
233	58
233	40
233	50
233	39
233	62
233	57
233	50
233	13
233	13
233	49
233	77
233	57
233	68
233	82
233	14
233	54
233	58
234	12
234	69
234	77
234	68
234	46
234	69
234	48
234	70
234	57
234	57
234	39
234	45
234	67
234	50
234	38
234	56
234	46
234	56
234	46
234	59
234	15
234	9
234	54
234	70
234	69
234	68
234	62
234	9
234	51
234	45
235	12
235	59
235	68
235	69
235	44
235	77
235	55
235	86
235	63
235	58
235	52
235	68
235	55
235	57
235	33
235	57
235	43
235	47
235	48
235	42
235	11
235	9
235	45
235	72
235	77
235	51
235	84
235	14
235	60
235	40
236	13
236	80
236	58
236	63
236	49
236	66
236	56
236	62
236	67
236	65
236	51
236	63
236	53
236	57
236	40
236	45
236	54
236	68
236	46
236	55
236	11
236	12
236	55
236	91
236	61
236	60
236	57
236	15
236	63
236	66
237	15
237	80
237	64
237	59
237	32
237	61
237	48
237	63
237	85
237	59
237	34
237	63
237	67
237	50
237	29
237	45
237	41
237	45
237	47
237	47
237	14
237	13
237	71
237	74
237	50
237	68
237	60
237	13
237	91
237	66
238	15
238	84
238	52
238	65
238	38
238	61
238	50
238	76
238	62
238	54
238	45
238	70
238	71
238	47
238	40
238	61
238	51
238	49
238	50
238	53
238	18
238	12
238	50
238	68
238	63
238	70
238	68
238	11
238	64
238	73
239	14
239	77
239	57
239	62
239	40
239	65
239	50
239	72
239	74
239	69
239	49
239	75
239	57
239	58
239	40
239	56
239	45
239	51
239	53
239	55
239	15
239	13
239	52
239	69
239	58
239	62
239	69
239	15
239	68
239	63
240	11
240	58
240	78
240	48
240	44
240	68
240	46
240	68
240	60
240	57
240	44
240	70
240	53
240	59
240	36
240	57
240	57
240	56
240	48
240	51
240	10
240	12
240	54
240	73
240	44
240	76
240	58
240	15
240	65
240	54
241	11
241	69
241	61
241	89
241	37
241	71
241	56
241	51
241	43
241	55
241	48
241	61
241	76
241	55
241	45
241	53
241	57
241	50
241	62
241	49
241	14
241	11
241	64
241	72
241	53
241	62
241	62
241	9
241	70
241	64
242	11
242	65
242	58
242	69
242	51
242	78
242	51
242	83
242	43
242	78
242	37
242	70
242	44
242	60
242	43
242	50
242	55
242	59
242	46
242	43
242	9
242	10
242	55
242	76
242	46
242	60
242	71
242	9
242	65
242	60
243	11
243	61
243	74
243	74
243	53
243	67
243	45
243	66
243	80
243	75
243	37
243	64
243	63
243	47
243	41
243	57
243	50
243	55
243	50
243	40
243	12
243	9
243	48
243	49
243	64
243	47
243	30
243	8
243	70
243	55
244	19
244	72
244	53
244	66
244	44
244	65
244	53
244	69
244	73
244	69
244	27
244	59
244	63
244	52
244	36
244	53
244	44
244	51
244	44
244	39
244	11
244	16
244	51
244	78
244	48
244	42
244	86
244	11
244	60
244	59
245	16
245	62
245	78
245	72
245	58
245	42
245	54
245	84
245	73
245	60
245	42
245	69
245	49
245	52
245	52
245	54
245	62
245	43
245	61
245	52
245	13
245	14
245	58
245	70
245	49
245	71
245	75
245	13
245	56
245	52
246	16
246	79
246	74
246	49
246	64
246	67
246	52
246	79
246	40
246	70
246	47
246	107
246	56
246	52
246	43
246	53
246	51
246	50
246	53
246	43
246	14
246	12
246	50
246	67
246	43
246	52
246	71
246	11
246	70
246	69
247	12
247	76
247	76
247	44
247	35
247	68
247	51
247	68
247	69
247	66
247	50
247	86
247	50
247	58
247	37
247	49
247	51
247	51
247	53
247	49
247	11
247	13
247	49
247	90
247	68
247	52
247	67
247	12
247	68
247	66
248	11
248	77
248	78
248	59
248	44
248	54
248	54
248	76
248	74
248	72
248	36
248	41
248	72
248	55
248	48
248	57
248	41
248	55
248	46
248	47
248	10
248	12
248	39
248	71
248	47
248	58
248	84
248	11
248	70
248	53
249	7
249	68
249	77
249	71
249	42
249	59
249	51
249	64
249	50
249	42
249	38
249	62
249	77
249	55
249	39
249	43
249	47
249	56
249	46
249	69
249	11
249	13
249	46
249	66
249	58
249	60
249	66
249	13
249	68
249	70
250	10
250	67
250	69
250	65
250	54
250	64
250	47
250	63
250	49
250	47
250	47
250	38
250	54
250	56
250	55
250	56
250	49
250	60
250	52
250	47
250	11
250	12
250	49
250	79
250	51
250	60
250	72
250	12
250	75
250	78
251	12
251	61
251	60
251	46
251	37
251	69
251	49
251	73
251	50
251	48
251	45
251	58
251	52
251	48
251	50
251	55
251	52
251	53
251	60
251	42
251	8
251	10
251	48
251	76
251	56
251	68
251	57
251	11
251	75
251	76
252	17
252	68
252	77
252	87
252	31
252	64
252	46
252	63
252	56
252	88
252	40
252	56
252	55
252	39
252	37
252	56
252	63
252	51
252	53
252	50
252	16
252	12
252	52
252	88
252	57
252	48
252	65
252	14
252	66
252	55
253	12
253	70
253	56
253	76
253	32
253	119
253	50
253	66
253	49
253	72
253	43
253	61
253	46
253	57
253	42
253	48
253	55
253	39
253	53
253	47
253	15
253	13
253	49
253	57
253	43
253	67
253	70
253	18
253	69
253	73
254	16
254	76
254	50
254	68
254	26
254	60
254	52
254	71
254	40
254	75
254	38
254	72
254	56
254	51
254	41
254	45
254	53
254	52
254	56
254	47
254	13
254	13
254	53
254	68
254	53
254	50
254	48
254	11
254	74
254	74
255	14
255	67
255	61
255	58
255	37
255	82
255	48
255	76
255	43
255	67
255	37
255	81
255	54
255	56
255	52
255	56
255	45
255	56
255	61
255	51
255	10
255	17
255	57
255	38
255	51
255	42
255	51
255	10
255	67
255	70
256	11
256	68
256	79
256	69
256	32
256	73
256	58
256	67
256	38
256	60
256	52
256	36
256	47
256	44
256	50
256	52
256	53
256	53
256	53
256	64
256	10
256	10
256	43
256	65
256	55
256	50
256	74
256	13
256	78
256	66
257	10
257	68
257	63
257	66
257	45
257	71
257	47
257	75
257	43
257	66
257	47
257	81
257	50
257	49
257	55
257	70
257	35
257	47
257	41
257	60
257	13
257	11
257	54
257	65
257	67
257	54
257	57
257	11
257	70
257	62
258	13
258	68
258	58
258	69
258	45
258	78
258	46
258	63
258	47
258	73
258	44
258	96
258	59
258	63
258	42
258	56
258	36
258	54
258	50
258	51
258	13
258	14
258	51
258	46
258	74
258	56
258	64
258	11
258	65
258	72
259	11
259	65
259	60
259	71
259	51
259	59
259	60
259	55
259	46
259	69
259	44
259	77
259	57
259	54
259	47
259	51
259	33
259	58
259	44
259	53
259	14
259	12
259	53
259	73
259	53
259	60
259	45
259	16
259	75
259	53
260	14
260	53
260	72
260	49
260	52
260	46
260	46
260	79
260	45
260	76
260	54
260	76
260	58
260	53
260	49
260	50
260	40
260	46
260	54
260	43
260	12
260	12
260	48
260	58
260	56
260	50
260	65
260	16
260	59
260	57
261	10
261	72
261	54
261	57
261	42
261	72
261	51
261	74
261	42
261	58
261	49
261	61
261	52
261	49
261	44
261	54
261	47
261	57
261	48
261	49
261	10
261	13
261	55
261	56
261	72
261	54
261	58
261	16
261	74
261	64
262	11
262	67
262	64
262	58
262	54
262	72
262	40
262	65
262	39
262	60
262	36
262	81
262	53
262	55
262	51
262	51
262	50
262	58
262	54
262	44
262	9
262	15
262	54
262	61
262	77
262	52
262	60
262	10
262	76
262	63
263	15
263	93
263	34
263	68
263	52
263	80
263	41
263	76
263	47
263	73
263	40
263	53
263	49
263	54
263	41
263	50
263	37
263	46
263	42
263	56
263	13
263	19
263	50
263	38
263	105
263	56
263	69
263	13
263	69
263	84
264	13
264	84
264	72
264	48
264	49
264	75
264	50
264	83
264	55
264	73
264	43
264	49
264	48
264	49
264	62
264	63
264	36
264	59
264	48
264	52
264	12
264	13
264	49
264	56
264	69
264	64
264	61
264	19
264	58
264	72
265	13
265	71
265	75
265	46
265	69
265	80
265	56
265	69
265	44
265	69
265	41
265	43
265	46
265	44
265	44
265	45
265	43
265	46
265	45
265	48
265	13
265	11
265	44
265	49
265	54
265	64
265	83
265	11
265	71
265	60
266	13
266	83
266	63
266	68
266	72
266	73
266	39
266	65
266	38
266	68
266	46
266	60
266	51
266	62
266	52
266	50
266	49
266	50
266	53
266	48
266	10
266	12
266	55
266	79
266	61
266	67
266	64
266	14
266	49
266	67
267	11
267	79
267	70
267	72
267	67
267	59
267	48
267	68
267	52
267	57
267	52
267	43
267	49
267	59
267	46
267	35
267	57
267	46
267	73
267	52
267	11
267	10
267	47
267	68
267	51
267	62
267	70
267	12
267	85
267	58
268	11
268	74
268	70
268	69
268	50
268	74
268	48
268	70
268	40
268	76
268	57
268	67
268	47
268	47
268	49
268	46
268	42
268	52
268	52
268	46
268	11
268	14
268	56
268	49
268	45
268	58
268	40
268	10
268	75
268	56
269	13
269	66
269	71
269	64
269	73
269	63
269	50
269	69
269	46
269	68
269	42
269	55
269	47
269	50
269	47
269	58
269	48
269	59
269	80
269	47
269	12
269	12
269	47
269	72
269	60
269	50
269	45
269	13
269	76
269	58
270	12
270	80
270	85
270	68
270	54
270	55
270	49
270	78
270	42
270	31
270	55
270	60
270	50
270	66
270	39
270	55
270	49
270	51
270	44
270	56
270	11
270	12
270	54
270	47
270	73
270	50
270	76
270	14
270	62
270	62
271	12
271	82
271	66
271	70
271	52
271	36
271	66
271	68
271	47
271	53
271	57
271	53
271	59
271	46
271	48
271	54
271	45
271	42
271	46
271	50
271	14
271	15
271	59
271	44
271	49
271	63
271	52
271	10
271	69
271	74
272	14
272	74
272	74
272	69
272	61
272	67
272	55
272	66
272	46
272	62
272	46
272	50
272	52
272	51
272	62
272	49
272	39
272	50
272	50
272	39
272	14
272	10
272	47
272	48
272	57
272	62
272	71
272	15
272	71
272	60
273	14
273	60
273	64
273	70
273	56
273	79
273	65
273	52
273	40
273	63
273	43
273	43
273	53
273	52
273	47
273	46
273	64
273	51
273	61
273	49
273	13
273	12
273	43
273	77
273	56
273	61
273	75
273	9
273	55
273	59
274	10
274	62
274	66
274	66
274	55
274	78
274	55
274	56
274	49
274	53
274	47
274	45
274	53
274	54
274	46
274	55
274	35
274	45
274	53
274	47
274	11
274	14
274	54
274	62
274	52
274	53
274	72
274	15
274	74
274	65
275	12
275	53
275	76
275	72
275	65
275	63
275	57
275	61
275	55
275	50
275	45
275	45
275	59
275	56
275	47
275	54
275	50
275	44
275	55
275	41
275	14
275	14
275	62
275	77
275	55
275	58
275	69
275	11
275	67
275	53
276	10
276	56
276	60
276	74
276	44
276	54
276	46
276	64
276	63
276	73
276	46
276	49
276	47
276	56
276	54
276	51
276	66
276	49
276	55
276	48
276	11
276	13
276	61
276	109
276	49
276	57
276	74
276	15
276	46
276	40
277	12
277	85
277	70
277	77
277	46
277	64
277	48
277	73
277	72
277	67
277	48
277	73
277	58
277	48
277	42
277	54
277	80
277	43
277	59
277	41
277	11
277	12
277	50
277	57
277	63
277	52
277	68
277	12
277	64
277	49
278	11
278	43
278	78
278	65
278	49
278	80
278	45
278	69
278	83
278	64
278	37
278	76
278	58
278	54
278	43
278	48
278	42
278	58
278	53
278	53
278	14
278	15
278	44
278	74
278	59
278	50
278	71
278	12
278	78
278	25
279	13
279	70
279	64
279	74
279	61
279	75
279	53
279	56
279	60
279	70
279	36
279	44
279	45
279	48
279	62
279	43
279	53
279	49
279	57
279	47
279	14
279	11
279	44
279	60
279	53
279	81
279	72
279	11
279	73
279	30
280	14
280	64
280	79
280	70
280	58
280	75
280	45
280	53
280	52
280	66
280	48
280	72
280	50
280	53
280	45
280	46
280	58
280	55
280	54
280	54
280	11
280	14
280	50
280	57
280	44
280	56
280	61
280	8
280	63
280	53
281	17
281	76
281	69
281	68
281	61
281	46
281	50
281	64
281	54
281	61
281	39
281	91
281	51
281	59
281	49
281	52
281	50
281	47
281	55
281	40
281	12
281	12
281	45
281	62
281	49
281	74
281	75
281	13
281	66
281	46
282	13
282	65
282	77
282	66
282	45
282	72
282	47
282	72
282	48
282	65
282	44
282	64
282	51
282	56
282	55
282	49
282	28
282	36
282	59
282	47
282	13
282	11
282	47
282	51
282	55
282	48
282	68
282	10
282	49
282	55
283	12
283	56
283	71
283	63
283	62
283	65
283	50
283	61
283	36
283	71
283	34
283	52
283	61
283	44
283	48
283	49
283	46
283	55
283	55
283	51
283	9
283	11
283	60
283	72
283	55
283	74
283	75
283	12
283	71
283	57
284	13
284	76
284	76
284	76
284	55
284	64
284	58
284	78
284	51
284	64
284	46
284	42
284	72
284	47
284	48
284	47
284	42
284	37
284	46
284	45
284	12
284	11
284	52
284	64
284	53
284	65
284	75
284	16
284	60
284	49
285	11
285	67
285	71
285	70
285	42
285	73
285	60
285	74
285	74
285	41
285	37
285	41
285	47
285	49
285	45
285	63
285	37
285	44
285	56
285	46
285	15
285	10
285	45
285	69
285	65
285	61
285	77
285	13
285	61
285	57
286	13
286	70
286	73
286	66
286	66
286	64
286	46
286	86
286	89
286	66
286	40
286	50
286	66
286	47
286	41
286	46
286	39
286	50
286	53
286	46
286	14
286	12
286	50
286	64
286	51
286	57
286	80
286	15
286	57
286	53
287	21
287	42
287	78
287	50
287	62
287	56
287	63
287	58
287	62
287	60
287	53
287	49
287	55
287	56
287	50
287	52
287	38
287	49
287	54
287	49
287	11
287	14
287	49
287	62
287	51
287	82
287	67
287	12
287	71
287	48
288	18
288	60
288	80
288	43
288	52
288	71
288	52
288	71
288	67
288	72
288	35
288	51
288	57
288	49
288	41
288	52
288	41
288	44
288	53
288	50
288	11
288	14
288	49
288	67
288	49
288	64
288	56
288	18
288	65
288	42
289	15
289	65
289	72
289	62
289	55
289	65
289	64
289	47
289	63
289	58
289	51
289	50
289	52
289	50
289	51
289	52
289	47
289	43
289	51
289	45
289	17
289	13
289	40
289	66
289	61
289	60
289	63
289	12
289	67
289	61
290	11
290	79
290	68
290	34
290	43
290	64
290	79
290	64
290	68
290	71
290	48
290	44
290	57
290	50
290	37
290	63
290	48
290	52
290	52
290	46
290	14
290	10
290	49
290	63
290	63
290	48
290	73
290	10
290	62
290	62
291	12
291	77
291	79
291	66
291	51
291	69
291	62
291	86
291	57
291	64
291	49
291	45
291	56
291	52
291	49
291	54
291	77
291	43
291	48
291	51
291	17
291	11
291	46
291	61
291	59
291	63
291	50
291	13
291	59
291	85
292	11
292	52
292	78
292	67
292	41
292	67
292	76
292	55
292	59
292	64
292	34
292	62
292	47
292	61
292	44
292	49
292	51
292	46
292	52
292	46
292	13
292	15
292	41
292	51
292	60
292	67
292	74
292	17
292	76
292	60
293	10
293	64
293	75
293	60
293	56
293	69
293	58
293	70
293	75
293	71
293	40
293	54
293	66
293	51
293	41
293	44
293	54
293	68
293	49
293	41
293	16
293	14
293	40
293	59
293	62
293	43
293	79
293	10
293	59
293	74
294	17
294	65
294	84
294	56
294	31
294	63
294	52
294	71
294	74
294	65
294	36
294	49
294	56
294	46
294	58
294	64
294	57
294	50
294	51
294	48
294	15
294	11
294	42
294	73
294	59
294	56
294	51
294	15
294	55
294	54
295	16
295	77
295	65
295	74
295	53
295	73
295	48
295	38
295	52
295	58
295	42
295	59
295	49
295	52
295	48
295	60
295	65
295	73
295	60
295	53
295	12
295	10
295	41
295	46
295	46
295	63
295	74
295	15
295	47
295	70
296	22
296	68
296	77
296	65
296	60
296	72
296	52
296	68
296	48
296	76
296	35
296	52
296	61
296	51
296	53
296	53
296	52
296	64
296	67
296	60
296	11
296	13
296	52
296	67
296	49
296	74
296	60
296	11
296	72
296	64
297	12
297	77
297	39
297	71
297	68
297	67
297	54
297	74
297	43
297	52
297	45
297	43
297	58
297	52
297	50
297	44
297	66
297	36
297	83
297	49
297	11
297	10
297	48
297	56
297	59
297	94
297	87
297	12
297	77
297	17
298	12
298	83
298	81
298	82
298	59
298	63
298	57
298	83
298	40
298	56
298	53
298	48
298	48
298	49
298	55
298	59
298	68
298	44
298	67
298	51
298	14
298	13
298	46
298	54
298	55
298	66
298	60
298	13
298	75
298	39
299	22
299	76
299	84
299	72
299	65
299	65
299	49
299	64
299	39
299	72
299	30
299	52
299	47
299	52
299	43
299	65
299	24
299	42
299	61
299	47
299	12
299	11
299	43
299	52
299	51
299	71
299	76
299	12
299	81
299	58
300	16
300	77
300	79
300	69
300	43
300	66
300	44
300	60
300	44
300	68
300	44
300	44
300	57
300	50
300	52
300	49
300	48
300	50
300	67
300	57
300	12
300	8
300	56
300	62
300	58
300	78
300	65
300	14
300	70
300	45
